  1.562500000000000E-005  4.614093959731550E-006  4.614093959731553E-006
  4.614093959731544E-006  4.614093959731574E-006  4.614093959731531E-006
  4.614093959731524E-006  4.614093959731553E-006  4.614093959731564E-006
  4.614093959731503E-006  4.614093959731550E-006  4.614093959731561E-006
  4.614093959731500E-006  4.614093959731511E-006  4.614093959731487E-006
  4.614093959731550E-006  1.362551236430801E-006  1.362551236430809E-006
  1.362551236430816E-006  1.362551236430824E-006  1.362551236430817E-006
  1.362551236430825E-006  1.362551236430830E-006  1.362551236430831E-006
  1.362551236430845E-006  1.362551236430837E-006  1.362551236430851E-006
  1.362551236430861E-006  1.362551236430857E-006  1.362551236430870E-006
  4.614093959731539E-006  1.362551236430790E-006  1.362551236430791E-006
  1.362551236430792E-006  1.362551236430799E-006  1.362551236430790E-006
  1.362551236430777E-006  1.362551236430778E-006  1.362551236430778E-006
  1.362551236430788E-006  1.362551236430788E-006  1.362551236430788E-006
  1.362551236430789E-006  1.362551236430762E-006  1.362551236430762E-006
  4.614093959731566E-006  1.362551236430826E-006  1.362551236430847E-006
  1.362551236430870E-006  1.362551236430896E-006  1.362551236430908E-006
  1.362551236430927E-006  1.362551236430946E-006  1.362551236430970E-006
  1.362551236430993E-006  1.362551236431012E-006  1.362551236431036E-006
  1.362551236431068E-006  1.362551236431078E-006  1.362551236431087E-006
  4.614093959731539E-006  1.362551236430804E-006  1.362551236430815E-006
  1.362551236430826E-006  1.362551236430842E-006  1.362551236430842E-006
  1.362551236430848E-006  1.362551236430864E-006  1.362551236430871E-006
  1.362551236430886E-006  1.362551236430898E-006  1.362551236430904E-006
  1.362551236430920E-006  1.362551236430913E-006  1.362551236430932E-006
  4.614093959731543E-006  1.362551236430818E-006  1.362551236430840E-006
  1.362551236430860E-006  1.362551236430890E-006  1.362551236430898E-006
  1.362551236430916E-006  1.362551236430941E-006  1.362551236430961E-006
  1.362551236430986E-006  1.362551236431006E-006  1.362551236431026E-006
  1.362551236431046E-006  1.362551236431057E-006  1.362551236431086E-006
  4.614093959731528E-006  1.362551236430735E-006  1.362551236430693E-006
  1.362551236430649E-006  1.362551236430614E-006  1.362551236430558E-006
  1.362551236430512E-006  1.362551236430466E-006  1.362551236430419E-006
  1.362551236430391E-006  1.362551236430354E-006  1.362551236430307E-006
  1.362551236430261E-006  1.362551236430206E-006  1.362551236430176E-006
  4.614093959731528E-006  1.362551236430761E-006  1.362551236430740E-006
  1.362551236430720E-006  1.362551236430705E-006  1.362551236430672E-006
  1.362551236430645E-006  1.362551236430624E-006  1.362551236430600E-006
  1.362551236430588E-006  1.362551236430563E-006  1.362551236430543E-006
  1.362551236430522E-006  1.362551236430479E-006  1.362551236430471E-006
  4.614093959731546E-006  1.362551236430807E-006  1.362551236430817E-006
  1.362551236430829E-006  1.362551236430844E-006  1.362551236430847E-006
  1.362551236430846E-006  1.362551236430863E-006  1.362551236430871E-006
  1.362551236430888E-006  1.362551236430905E-006  1.362551236430913E-006
  1.362551236430930E-006  1.362551236430910E-006  1.362551236430917E-006
  4.614093959731495E-006  1.362551236430779E-006  1.362551236430779E-006
  1.362551236430782E-006  1.362551236430782E-006  1.362551236430773E-006
  1.362551236430770E-006  1.362551236430772E-006  1.362551236430773E-006
  1.362551236430774E-006  1.362551236430775E-006  1.362551236430777E-006
  1.362551236430760E-006  1.362551236430761E-006  1.362551236430788E-006
  4.614093959731575E-006  1.362551236430749E-006  1.362551236430705E-006
  1.362551236430660E-006  1.362551236430627E-006  1.362551236430569E-006
  1.362551236430525E-006  1.362551236430489E-006  1.362551236430436E-006
  1.362551236430401E-006  1.362551236430361E-006  1.362551236430312E-006
  1.362551236430259E-006  1.362551236430229E-006  1.362551236430188E-006
  4.614093959731495E-006  1.362551236430778E-006  1.362551236430779E-006
  1.362551236430780E-006  1.362551236430782E-006  1.362551236430773E-006
  1.362551236430770E-006  1.362551236430776E-006  1.362551236430773E-006
  1.362551236430774E-006  1.362551236430775E-006  1.362551236430772E-006
  1.362551236430760E-006  1.362551236430770E-006  1.362551236430788E-006
  4.614093959731604E-006  1.362551236430916E-006  1.362551236430999E-006
  1.362551236431087E-006  1.362551236431179E-006  1.362551236431249E-006
  1.362551236431333E-006  1.362551236431417E-006  1.362551236431506E-006
  1.362551236431590E-006  1.362551236431684E-006  1.362551236431764E-006
  1.362551236431839E-006  1.362551236431932E-006  1.362551236432015E-006
  4.614093959731480E-006  1.362551236430721E-006  1.362551236430678E-006
  1.362551236430640E-006  1.362551236430596E-006  1.362551236430545E-006
  1.362551236430499E-006  1.362551236430460E-006  1.362551236430416E-006
  1.362551236430376E-006  1.362551236430333E-006  1.362551236430293E-006
  1.362551236430236E-006  1.362551236430192E-006  1.362551236430174E-006
  4.614093959731575E-006  1.362551236430801E-006  1.362551236430799E-006
  1.362551236430803E-006  1.362551236430808E-006  1.362551236430793E-006
  1.362551236430791E-006  1.362551236430794E-006  1.362551236430797E-006
  1.362551236430791E-006  1.362551236430803E-006  1.362551236430797E-006
  1.362551236430791E-006  1.362551236430794E-006  1.362551236430787E-006
  4.614093959731539E-006  1.362551236430790E-006  1.362551236430791E-006
  1.362551236430792E-006  1.362551236430799E-006  1.362551236430790E-006
  1.362551236430777E-006  1.362551236430778E-006  1.362551236430778E-006
  1.362551236430788E-006  1.362551236430788E-006  1.362551236430788E-006
  1.362551236430789E-006  1.362551236430762E-006  1.362551236430762E-006
  1.362551236430806E-006  4.023641235098616E-007  4.023641235099358E-007
  4.023641235100110E-007  4.023641235100869E-007  4.023641235101594E-007
  4.023641235102346E-007  4.023641235103052E-007  4.023641235103827E-007
  4.023641235104578E-007  4.023641235105329E-007  4.023641235106036E-007
  4.023641235106787E-007  4.023641235107539E-007  4.023641235108351E-007
  1.362551236430770E-006  4.023641235098111E-007  4.023641235098537E-007
  4.023641235098952E-007  4.023641235099401E-007  4.023641235099787E-007
  4.023641235100222E-007  4.023641235100646E-007  4.023641235101082E-007
  4.023641235101506E-007  4.023641235101896E-007  4.023641235102354E-007
  4.023641235102789E-007  4.023641235103202E-007  4.023641235103653E-007
  1.362551236430741E-006  4.023641235098816E-007  4.023641235099884E-007
  4.023641235100953E-007  4.023641235102028E-007  4.023641235103063E-007
  4.023641235104135E-007  4.023641235105196E-007  4.023641235106268E-007
  4.023641235107352E-007  4.023641235108390E-007  4.023641235109474E-007
  4.023641235110535E-007  4.023641235111619E-007  4.023641235112717E-007
  1.362551236430784E-006  4.023641235096831E-007  4.023641235096189E-007
  4.023641235095543E-007  4.023641235094926E-007  4.023641235094253E-007
  4.023641235093607E-007  4.023641235092960E-007  4.023641235092336E-007
  4.023641235091712E-007  4.023641235091065E-007  4.023641235090396E-007
  4.023641235089727E-007  4.023641235089103E-007  4.023641235088539E-007
  1.362551236430900E-006  4.023641235101137E-007  4.023641235103697E-007
  4.023641235106266E-007  4.023641235108828E-007  4.023641235111363E-007
  4.023641235113913E-007  4.023641235116496E-007  4.023641235119046E-007
  4.023641235121618E-007  4.023641235124134E-007  4.023641235126739E-007
  4.023641235129301E-007  4.023641235131884E-007  4.023641235134482E-007
  1.362551236430727E-006  4.023641235099566E-007  4.023641235101276E-007
  4.023641235102969E-007  4.023641235104705E-007  4.023641235106361E-007
  4.023641235108099E-007  4.023641235109815E-007  4.023641235111509E-007
  4.023641235113224E-007  4.023641235114918E-007  4.023641235116634E-007
  4.023641235118350E-007  4.023641235120066E-007  4.023641235121797E-007
  1.362551236431045E-006  4.023641235101031E-007  4.023641235103168E-007
  4.023641235105304E-007  4.023641235107452E-007  4.023641235109555E-007
  4.023641235111708E-007  4.023641235113815E-007  4.023641235115967E-007
  4.023641235118107E-007  4.023641235120226E-007  4.023641235122344E-007
  4.023641235124507E-007  4.023641235126648E-007  4.023641235128781E-007
  1.362551236430553E-006  4.023641235090590E-007  4.023641235085469E-007
  4.023641235080339E-007  4.023641235075234E-007  4.023641235070085E-007
  4.023641235064984E-007  4.023641235059860E-007  4.023641235054737E-007
  4.023641235049614E-007  4.023641235044468E-007  4.023641235039321E-007
  4.023641235034266E-007  4.023641235029120E-007  4.023641235024033E-007
  1.362551236430842E-006  4.023641235100438E-007  4.023641235102567E-007
  4.023641235104711E-007  4.023641235106846E-007  4.023641235108958E-007
  4.023641235111085E-007  4.023641235113234E-007  4.023641235115384E-007
  4.023641235117512E-007  4.023641235119639E-007  4.023641235121766E-007
  4.023641235123893E-007  4.023641235126020E-007  4.023641235128208E-007
  1.362551236430582E-006  4.023641235092794E-007  4.023641235089378E-007
  4.023641235085973E-007  4.023641235082558E-007  4.023641235079120E-007
  4.023641235075709E-007  4.023641235072297E-007  4.023641235068886E-007
  4.023641235065474E-007  4.023641235062019E-007  4.023641235058629E-007
  4.023641235055196E-007  4.023641235051807E-007  4.023641235048433E-007
  1.362551236430409E-006  4.023641235085939E-007  4.023641235077395E-007
  4.023641235068874E-007  4.023641235060331E-007  4.023641235051766E-007
  4.023641235043228E-007  4.023641235034711E-007  4.023641235026150E-007
  4.023641235017634E-007  4.023641235009073E-007  4.023641235000534E-007
  4.023641234991950E-007  4.023641234983457E-007  4.023641234974978E-007
  1.362551236430756E-006  4.023641235099649E-007  4.023641235101355E-007
  4.023641235103071E-007  4.023641235104784E-007  4.023641235106474E-007
  4.023641235108189E-007  4.023641235109883E-007  4.023641235111599E-007
  4.023641235113315E-007  4.023641235114963E-007  4.023641235116679E-007
  4.023641235118395E-007  4.023641235120111E-007  4.023641235121887E-007
  1.362551236430582E-006  4.023641235092794E-007  4.023641235089378E-007
  4.023641235085973E-007  4.023641235082558E-007  4.023641235079120E-007
  4.023641235075709E-007  4.023641235072297E-007  4.023641235068886E-007
  4.023641235065474E-007  4.023641235062019E-007  4.023641235058629E-007
  4.023641235055196E-007  4.023641235051807E-007  4.023641235048433E-007
  1.362551236430351E-006  4.023641235079415E-007  4.023641235065758E-007
  4.023641235052099E-007  4.023641235038448E-007  4.023641235024773E-007
  4.023641235011125E-007  4.023641234997455E-007  4.023641234983784E-007
  4.023641234970137E-007  4.023641234956443E-007  4.023641234942818E-007
  4.023641234929147E-007  4.023641234915477E-007  4.023641234901822E-007
  4.614093959731539E-006  1.362551236430790E-006  1.362551236430791E-006
  1.362551236430792E-006  1.362551236430799E-006  1.362551236430790E-006
  1.362551236430777E-006  1.362551236430778E-006  1.362551236430778E-006
  1.362551236430788E-006  1.362551236430788E-006  1.362551236430788E-006
  1.362551236430789E-006  1.362551236430762E-006  1.362551236430762E-006
  1.362551236430828E-006  4.023641235100396E-007  4.023641235102528E-007
  4.023641235104666E-007  4.023641235106812E-007  4.023641235108913E-007
  4.023641235111051E-007  4.023641235113178E-007  4.023641235115305E-007
  4.023641235117466E-007  4.023641235119571E-007  4.023641235121743E-007
  4.023641235123848E-007  4.023641235125975E-007  4.023641235128162E-007
  1.362551236430814E-006  4.023641235097971E-007  4.023641235098183E-007
  4.023641235098400E-007  4.023641235098619E-007  4.023641235098793E-007
  4.023641235099028E-007  4.023641235099239E-007  4.023641235099451E-007
  4.023641235099663E-007  4.023641235099875E-007  4.023641235100109E-007
  4.023641235100343E-007  4.023641235100532E-007  4.023641235100736E-007
  1.362551236430814E-006  4.023641235097178E-007  4.023641235096754E-007
  4.023641235096311E-007  4.023641235095908E-007  4.023641235095450E-007
  4.023641235095030E-007  4.023641235094609E-007  4.023641235094166E-007
  4.023641235093767E-007  4.023641235093279E-007  4.023641235092881E-007
  4.023641235092438E-007  4.023641235092040E-007  4.023641235091656E-007
  1.362551236430871E-006  4.023641235097880E-007  4.023641235097880E-007
  4.023641235097870E-007  4.023641235097891E-007  4.023641235097878E-007
  4.023641235097857E-007  4.023641235097859E-007  4.023641235097883E-007
  4.023641235097873E-007  4.023641235097842E-007  4.023641235097854E-007
  4.023641235097868E-007  4.023641235097858E-007  4.023641235097886E-007
  1.362551236430640E-006  4.023641235098255E-007  4.023641235099108E-007
  4.023641235099954E-007  4.023641235100820E-007  4.023641235101640E-007
  4.023641235102520E-007  4.023641235103378E-007  4.023641235104212E-007
  4.023641235105070E-007  4.023641235105929E-007  4.023641235106740E-007
  4.023641235107644E-007  4.023641235108502E-007  4.023641235109374E-007
  1.362551236431045E-006  4.023641235100506E-007  4.023641235102217E-007
  4.023641235103909E-007  4.023641235105645E-007  4.023641235107319E-007
  4.023641235109031E-007  4.023641235110731E-007  4.023641235112443E-007
  4.023641235114177E-007  4.023641235115844E-007  4.023641235117578E-007
  4.023641235119244E-007  4.023641235120956E-007  4.023641235122705E-007
  1.362551236431276E-006  4.023641235103301E-007  4.023641235106721E-007
  4.023641235110134E-007  4.023641235113565E-007  4.023641235116951E-007
  4.023641235120375E-007  4.023641235123777E-007  4.023641235127200E-007
  4.023641235130625E-007  4.023641235134026E-007  4.023641235137404E-007
  4.023641235140829E-007  4.023641235144298E-007  4.023641235147692E-007
  1.362551236430293E-006  4.023641235099348E-007  4.023641235101907E-007
  4.023641235104457E-007  4.023641235107036E-007  4.023641235109570E-007
  4.023641235112131E-007  4.023641235114691E-007  4.023641235117252E-007
  4.023641235119835E-007  4.023641235122373E-007  4.023641235124911E-007
  4.023641235127539E-007  4.023641235130078E-007  4.023641235132676E-007
  1.362551236431045E-006  4.023641235098391E-007  4.023641235098394E-007
  4.023641235098390E-007  4.023641235098408E-007  4.023641235098385E-007
  4.023641235098367E-007  4.023641235098382E-007  4.023641235098363E-007
  4.023641235098401E-007  4.023641235098361E-007  4.023641235098365E-007
  4.023641235098414E-007  4.023641235098395E-007  4.023641235098414E-007
  1.362551236431161E-006  4.023641235090273E-007  4.023641235083440E-007
  4.023641235076621E-007  4.023641235069794E-007  4.023641235062944E-007
  4.023641235056108E-007  4.023641235049273E-007  4.023641235042438E-007
  4.023641235035625E-007  4.023641235028767E-007  4.023641235021910E-007
  4.023641235015142E-007  4.023641235008284E-007  4.023641235001486E-007
  1.362551236430698E-006  4.023641235097369E-007  4.023641235097366E-007
  4.023641235097370E-007  4.023641235097378E-007  4.023641235097358E-007
  4.023641235097353E-007  4.023641235097337E-007  4.023641235097321E-007
  4.023641235097372E-007  4.023641235097299E-007  4.023641235097340E-007
  4.023641235097402E-007  4.023641235097375E-007  4.023641235097385E-007
  1.362551236430814E-006  4.023641235101936E-007  4.023641235105353E-007
  4.023641235108775E-007  4.023641235112193E-007  4.023641235115599E-007
  4.023641235119009E-007  4.023641235122419E-007  4.023641235125829E-007
  4.023641235129261E-007  4.023641235132627E-007  4.023641235136059E-007
  4.023641235139447E-007  4.023641235142880E-007  4.023641235146372E-007
  1.362551236429888E-006  4.023641235088628E-007  4.023641235083504E-007
  4.023641235078383E-007  4.023641235073264E-007  4.023641235068124E-007
  4.023641235063009E-007  4.023641235057894E-007  4.023641235052756E-007
  4.023641235047641E-007  4.023641235042504E-007  4.023641235037389E-007
  4.023641235032229E-007  4.023641235027115E-007  4.023641235022060E-007
  1.362551236430698E-006  4.023641235097369E-007  4.023641235097366E-007
  4.023641235097370E-007  4.023641235097378E-007  4.023641235097358E-007
  4.023641235097353E-007  4.023641235097337E-007  4.023641235097321E-007
  4.023641235097372E-007  4.023641235097299E-007  4.023641235097340E-007
  4.023641235097402E-007  4.023641235097375E-007  4.023641235097385E-007
  4.614093959731539E-006  1.362551236430790E-006  1.362551236430791E-006
  1.362551236430792E-006  1.362551236430799E-006  1.362551236430790E-006
  1.362551236430777E-006  1.362551236430778E-006  1.362551236430778E-006
  1.362551236430788E-006  1.362551236430788E-006  1.362551236430788E-006
  1.362551236430789E-006  1.362551236430762E-006  1.362551236430762E-006
  1.362551236430843E-006  4.023641235096733E-007  4.023641235095881E-007
  4.023641235095024E-007  4.023641235094187E-007  4.023641235093304E-007
  4.023641235092436E-007  4.023641235091591E-007  4.023641235090746E-007
  4.023641235089900E-007  4.023641235089055E-007  4.023641235088165E-007
  4.023641235087274E-007  4.023641235086473E-007  4.023641235085643E-007
  1.362551236430814E-006  4.023641235097179E-007  4.023641235096751E-007
  4.023641235096323E-007  4.023641235095915E-007  4.023641235095449E-007
  4.023641235095034E-007  4.023641235094573E-007  4.023641235094179E-007
  4.023641235093762E-007  4.023641235093347E-007  4.023641235092863E-007
  4.023641235092424E-007  4.023641235092030E-007  4.023641235091652E-007
  1.362551236430784E-006  4.023641235097095E-007  4.023641235096665E-007
  4.023641235096241E-007  4.023641235095823E-007  4.023641235095360E-007
  4.023641235094935E-007  4.023641235094509E-007  4.023641235094084E-007
  4.023641235093682E-007  4.023641235093211E-007  4.023641235092809E-007
  4.023641235092360E-007  4.023641235091958E-007  4.023641235091570E-007
  1.362551236430640E-006  4.023641235095081E-007  4.023641235093370E-007
  4.023641235091676E-007  4.023641235089966E-007  4.023641235088223E-007
  4.023641235086528E-007  4.023641235084811E-007  4.023641235083116E-007
  4.023641235081421E-007  4.023641235079637E-007  4.023641235077964E-007
  4.023641235076247E-007  4.023641235074575E-007  4.023641235072918E-007
  1.362551236430524E-006  4.023641235087342E-007  4.023641235079652E-007
  4.023641235071963E-007  4.023641235064295E-007  4.023641235056600E-007
  4.023641235048875E-007  4.023641235041228E-007  4.023641235033525E-007
  4.023641235025856E-007  4.023641235018176E-007  4.023641235010472E-007
  4.023641235002837E-007  4.023641234995135E-007  4.023641234987446E-007
  1.362551236430698E-006  4.023641235096306E-007  4.023641235095454E-007
  4.023641235094601E-007  4.023641235093761E-007  4.023641235092898E-007
  4.023641235092040E-007  4.023641235091180E-007  4.023641235090344E-007
  4.023641235089485E-007  4.023641235088627E-007  4.023641235087767E-007
  4.023641235086909E-007  4.023641235086049E-007  4.023641235085251E-007
  1.362551236429773E-006  4.023641235094634E-007  4.023641235094636E-007
  4.023641235094638E-007  4.023641235094640E-007  4.023641235094620E-007
  4.023641235094615E-007  4.023641235094620E-007  4.023641235094615E-007
  4.023641235094620E-007  4.023641235094615E-007  4.023641235094631E-007
  4.023641235094603E-007  4.023641235094575E-007  4.023641235094629E-007
  1.362551236431161E-006  4.023641235096612E-007  4.023641235094914E-007
  4.023641235093189E-007  4.023641235091512E-007  4.023641235089777E-007
  4.023641235088047E-007  4.023641235086362E-007  4.023641235084631E-007
  4.023641235082968E-007  4.023641235081216E-007  4.023641235079508E-007
  4.023641235077755E-007  4.023641235076137E-007  4.023641235074445E-007
  1.362551236430698E-006  4.023641235099483E-007  4.023641235101189E-007
  4.023641235102891E-007  4.023641235104614E-007  4.023641235106304E-007
  4.023641235108009E-007  4.023641235109713E-007  4.023641235111429E-007
  4.023641235113134E-007  4.023641235114828E-007  4.023641235116521E-007
  4.023641235118237E-007  4.023641235119931E-007  4.023641235121661E-007
  1.362551236430351E-006  4.023641235079421E-007  4.023641235065758E-007
  4.023641235052105E-007  4.023641235038447E-007  4.023641235024773E-007
  4.023641235011114E-007  4.023641234997455E-007  4.023641234983773E-007
  4.023641234970137E-007  4.023641234956443E-007  4.023641234942796E-007
  4.023641234929170E-007  4.023641234915478E-007  4.023641234901867E-007
  1.362551236430582E-006  4.023641235097025E-007  4.023641235097018E-007
  4.023641235097029E-007  4.023641235097036E-007  4.023641235097009E-007
  4.023641235097008E-007  4.023641235097008E-007  4.023641235097007E-007
  4.023641235097006E-007  4.023641235096984E-007  4.023641235096982E-007
  4.023641235097073E-007  4.023641235096982E-007  4.023641235097041E-007
  1.362551236430120E-006  4.023641235091428E-007  4.023641235088016E-007
  4.023641235084597E-007  4.023641235081196E-007  4.023641235077744E-007
  4.023641235074331E-007  4.023641235070917E-007  4.023641235067503E-007
  4.023641235064090E-007  4.023641235060664E-007  4.023641235057307E-007
  4.023641235053836E-007  4.023641235050434E-007  4.023641235047023E-007
  1.362551236431161E-006  4.023641235079699E-007  4.023641235064329E-007
  4.023641235048959E-007  4.023641235033601E-007  4.023641235018208E-007
  4.023641235002841E-007  4.023641234987464E-007  4.023641234972098E-007
  4.023641234956754E-007  4.023641234941376E-007  4.023641234925975E-007
  4.023641234910620E-007  4.023641234895287E-007  4.023641234879879E-007
  1.362551236430120E-006  4.023641235082969E-007  4.023641235072719E-007
  4.023641235062472E-007  4.023641235052244E-007  4.023641235041977E-007
  4.023641235031731E-007  4.023641235021484E-007  4.023641235011226E-007
  4.023641235001003E-007  4.023641234990756E-007  4.023641234980532E-007
  4.023641234970194E-007  4.023641234959971E-007  4.023641234949762E-007
  4.614093959731531E-006  1.362551236430735E-006  1.362551236430692E-006
  1.362551236430647E-006  1.362551236430616E-006  1.362551236430557E-006
  1.362551236430515E-006  1.362551236430471E-006  1.362551236430430E-006
  1.362551236430390E-006  1.362551236430341E-006  1.362551236430301E-006
  1.362551236430256E-006  1.362551236430229E-006  1.362551236430193E-006
  1.362551236430900E-006  4.023641235096110E-007  4.023641235094622E-007
  4.023641235093124E-007  4.023641235091640E-007  4.023641235090107E-007
  4.023641235088634E-007  4.023641235087127E-007  4.023641235085654E-007
  4.023641235084136E-007  4.023641235082640E-007  4.023641235081145E-007
  4.023641235079671E-007  4.023641235078153E-007  4.023641235076694E-007
  1.362551236430900E-006  4.023641235099547E-007  4.023641235100828E-007
  4.023641235102105E-007  4.023641235103403E-007  4.023641235104665E-007
  4.023641235105944E-007  4.023641235107222E-007  4.023641235108499E-007
  4.023641235109800E-007  4.023641235111100E-007  4.023641235112288E-007
  4.023641235113611E-007  4.023641235114889E-007  4.023641235116227E-007
  1.362551236430756E-006  4.023641235099649E-007  4.023641235101355E-007
  4.023641235103071E-007  4.023641235104784E-007  4.023641235106474E-007
  4.023641235108189E-007  4.023641235109883E-007  4.023641235111599E-007
  4.023641235113315E-007  4.023641235114963E-007  4.023641235116679E-007
  4.023641235118395E-007  4.023641235120111E-007  4.023641235121887E-007
  1.362551236430871E-006  4.023641235096822E-007  4.023641235095963E-007
  4.023641235095113E-007  4.023641235094270E-007  4.023641235093395E-007
  4.023641235092545E-007  4.023641235091672E-007  4.023641235090822E-007
  4.023641235089995E-007  4.023641235089168E-007  4.023641235088228E-007
  4.023641235087423E-007  4.023641235086573E-007  4.023641235085738E-007
  1.362551236430871E-006  4.023641235104223E-007  4.023641235109339E-007
  4.023641235114474E-007  4.023641235119600E-007  4.023641235124702E-007
  4.023641235129820E-007  4.023641235134960E-007  4.023641235140055E-007
  4.023641235145196E-007  4.023641235150291E-007  4.023641235155430E-007
  4.023641235160571E-007  4.023641235165666E-007  4.023641235170867E-007
  1.362551236431623E-006  4.023641235108561E-007  4.023641235115390E-007
  4.023641235122226E-007  4.023641235129064E-007  4.023641235135878E-007
  4.023641235142697E-007  4.023641235149539E-007  4.023641235156358E-007
  4.023641235163177E-007  4.023641235169985E-007  4.023641235176883E-007
  4.023641235183713E-007  4.023641235190498E-007  4.023641235197298E-007
  1.362551236431045E-006  4.023641235113196E-007  4.023641235125146E-007
  4.023641235137100E-007  4.023641235149067E-007  4.023641235160989E-007
  4.023641235172936E-007  4.023641235184896E-007  4.023641235196856E-007
  4.023641235208815E-007  4.023641235220764E-007  4.023641235232734E-007
  4.023641235244637E-007  4.023641235256631E-007  4.023641235268571E-007
  1.362551236431045E-006  4.023641235117425E-007  4.023641235132791E-007
  4.023641235148167E-007  4.023641235163545E-007  4.023641235178889E-007
  4.023641235194259E-007  4.023641235209607E-007  4.023641235224954E-007
  4.023641235240358E-007  4.023641235255706E-007  4.023641235271110E-007
  4.023641235286470E-007  4.023641235301851E-007  4.023641235317202E-007
  1.362551236430814E-006  4.023641235104057E-007  4.023641235109180E-007
  4.023641235114294E-007  4.023641235119437E-007  4.023641235124523E-007
  4.023641235129636E-007  4.023641235134771E-007  4.023641235139885E-007
  4.023641235145043E-007  4.023641235150111E-007  4.023641235155269E-007
  4.023641235160381E-007  4.023641235165540E-007  4.023641235170668E-007
  1.362551236430814E-006  4.023641235104054E-007  4.023641235109171E-007
  4.023641235114297E-007  4.023641235119432E-007  4.023641235124532E-007
  4.023641235129636E-007  4.023641235134774E-007  4.023641235139912E-007
  4.023641235145028E-007  4.023641235150155E-007  4.023641235155258E-007
  4.023641235160386E-007  4.023641235165512E-007  4.023641235170676E-007
  1.362551236430698E-006  4.023641235097362E-007  4.023641235097363E-007
  4.023641235097368E-007  4.023641235097375E-007  4.023641235097371E-007
  4.023641235097370E-007  4.023641235097369E-007  4.023641235097368E-007
  4.023641235097368E-007  4.023641235097345E-007  4.023641235097344E-007
  4.023641235097344E-007  4.023641235097343E-007  4.023641235097402E-007
  1.362551236428848E-006  4.023641235087676E-007  4.023641235084263E-007
  4.023641235080841E-007  4.023641235077439E-007  4.023641235074002E-007
  4.023641235070580E-007  4.023641235067160E-007  4.023641235063738E-007
  4.023641235060340E-007  4.023641235056873E-007  4.023641235053520E-007
  4.023641235050075E-007  4.023641235046677E-007  4.023641235043248E-007
  1.362551236428848E-006  4.023641235096131E-007  4.023641235099553E-007
  4.023641235102962E-007  4.023641235106401E-007  4.023641235109783E-007
  4.023641235113169E-007  4.023641235116601E-007  4.023641235120032E-007
  4.023641235123441E-007  4.023641235126850E-007  4.023641235130282E-007
  4.023641235133714E-007  4.023641235137100E-007  4.023641235140501E-007
  1.362551236430004E-006  4.023641235065705E-007  4.023641235041798E-007
  4.023641235017893E-007  4.023641234993992E-007  4.023641234970067E-007
  4.023641234946169E-007  4.023641234922248E-007  4.023641234898350E-007
  4.023641234874452E-007  4.023641234850554E-007  4.023641234826656E-007
  4.023641234802712E-007  4.023641234778769E-007  4.023641234754930E-007
  4.614093959731535E-006  1.362551236430776E-006  1.362551236430766E-006
  1.362551236430756E-006  1.362551236430750E-006  1.362551236430732E-006
  1.362551236430714E-006  1.362551236430705E-006  1.362551236430688E-006
  1.362551236430688E-006  1.362551236430680E-006  1.362551236430671E-006
  1.362551236430662E-006  1.362551236430618E-006  1.362551236430617E-006
  1.362551236430669E-006  4.023641235089880E-007  4.023641235083902E-007
  4.023641235077918E-007  4.023641235071954E-007  4.023641235065951E-007
  4.023641235059985E-007  4.023641235054019E-007  4.023641235048030E-007
  4.023641235042065E-007  4.023641235036042E-007  4.023641235030110E-007
  4.023641235024110E-007  4.023641235018133E-007  4.023641235012193E-007
  1.362551236430640E-006  4.023641235098255E-007  4.023641235099108E-007
  4.023641235099954E-007  4.023641235100820E-007  4.023641235101640E-007
  4.023641235102520E-007  4.023641235103378E-007  4.023641235104212E-007
  4.023641235105070E-007  4.023641235105929E-007  4.023641235106740E-007
  4.023641235107644E-007  4.023641235108502E-007  4.023641235109374E-007
  1.362551236430871E-006  4.023641235107394E-007  4.023641235115080E-007
  4.023641235122762E-007  4.023641235130466E-007  4.023641235138130E-007
  4.023641235145809E-007  4.023641235153477E-007  4.023641235161179E-007
  4.023641235168857E-007  4.023641235176560E-007  4.023641235184238E-007
  4.023641235191895E-007  4.023641235199597E-007  4.023641235207291E-007
  1.362551236430004E-006  4.023641235080510E-007  4.023641235068560E-007
  4.023641235056600E-007  4.023641235044661E-007  4.023641235032682E-007
  4.023641235020730E-007  4.023641235008767E-007  4.023641234996827E-007
  4.023641234984875E-007  4.023641234972911E-007  4.023641234960926E-007
  4.023641234949007E-007  4.023641234937067E-007  4.023641234925141E-007
  1.362551236430698E-006  4.023641235097369E-007  4.023641235097366E-007
  4.023641235097370E-007  4.023641235097378E-007  4.023641235097358E-007
  4.023641235097353E-007  4.023641235097337E-007  4.023641235097321E-007
  4.023641235097372E-007  4.023641235097299E-007  4.023641235097340E-007
  4.023641235097402E-007  4.023641235097375E-007  4.023641235097385E-007
  1.362551236431392E-006  4.023641235133260E-007  4.023641235160576E-007
  4.023641235187907E-007  4.023641235215230E-007  4.023641235242532E-007
  4.023641235269849E-007  4.023641235297164E-007  4.023641235324470E-007
  4.023641235351798E-007  4.023641235379125E-007  4.023641235406420E-007
  4.023641235433826E-007  4.023641235461053E-007  4.023641235488407E-007
  1.362551236431045E-006  4.023641235085700E-007  4.023641235075457E-007
  4.023641235065208E-007  4.023641235054984E-007  4.023641235044705E-007
  4.023641235034464E-007  4.023641235024200E-007  4.023641235013969E-007
  4.023641235003750E-007  4.023641234993486E-007  4.023641234983222E-007
  4.023641234972958E-007  4.023641234962717E-007  4.023641234952513E-007
  1.362551236430698E-006  4.023641235097362E-007  4.023641235097363E-007
  4.023641235097368E-007  4.023641235097375E-007  4.023641235097359E-007
  4.023641235097359E-007  4.023641235097369E-007  4.023641235097357E-007
  4.023641235097368E-007  4.023641235097345E-007  4.023641235097344E-007
  4.023641235097321E-007  4.023641235097343E-007  4.023641235097402E-007
  1.362551236430467E-006  4.023641235083995E-007  4.023641235073748E-007
  4.023641235063498E-007  4.023641235053261E-007  4.023641235042980E-007
  4.023641235032769E-007  4.023641235022492E-007  4.023641235012259E-007
  4.023641235002026E-007  4.023641234991726E-007  4.023641234981561E-007
  4.023641234971260E-007  4.023641234961005E-007  4.023641234950764E-007
  1.362551236429079E-006  4.023641235075663E-007  4.023641235062008E-007
  4.023641235048352E-007  4.023641235034699E-007  4.023641235021007E-007
  4.023641235007325E-007  4.023641234993687E-007  4.023641234980016E-007
  4.023641234966368E-007  4.023641234952652E-007  4.023641234939026E-007
  4.023641234925400E-007  4.023641234911751E-007  4.023641234898072E-007
  1.362551236432780E-006  4.023641235116203E-007  4.023641235126446E-007
  4.023641235136701E-007  4.023641235146964E-007  4.023641235157192E-007
  4.023641235167403E-007  4.023641235177658E-007  4.023641235187914E-007
  4.023641235198146E-007  4.023641235208380E-007  4.023641235218635E-007
  4.023641235228844E-007  4.023641235239100E-007  4.023641235249371E-007
  1.362551236431161E-006  4.023641235086040E-007  4.023641235075798E-007
  4.023641235065555E-007  4.023641235055319E-007  4.023641235045042E-007
  4.023641235034791E-007  4.023641235024574E-007  4.023641235014302E-007
  4.023641235004063E-007  4.023641234993824E-007  4.023641234983528E-007
  4.023641234973323E-007  4.023641234963096E-007  4.023641234952883E-007
  1.362551236430698E-006  4.023641235093132E-007  4.023641235089723E-007
  4.023641235086300E-007  4.023641235082896E-007  4.023641235079481E-007
  4.023641235076070E-007  4.023641235072636E-007  4.023641235069225E-007
  4.023641235065813E-007  4.023641235062380E-007  4.023641235058991E-007
  4.023641235055557E-007  4.023641235052123E-007  4.023641235048749E-007
  1.362551236429773E-006  4.023641235111554E-007  4.023641235125211E-007
  4.023641235138871E-007  4.023641235152549E-007  4.023641235166166E-007
  4.023641235179848E-007  4.023641235193508E-007  4.023641235207157E-007
  4.023641235220817E-007  4.023641235234522E-007  4.023641235248114E-007
  4.023641235261773E-007  4.023641235275456E-007  4.023641235289153E-007
  4.614093959731535E-006  1.362551236430803E-006  1.362551236430814E-006
  1.362551236430823E-006  1.362551236430842E-006  1.362551236430838E-006
  1.362551236430849E-006  1.362551236430868E-006  1.362551236430873E-006
  1.362551236430878E-006  1.362551236430892E-006  1.362551236430897E-006
  1.362551236430906E-006  1.362551236430916E-006  1.362551236430934E-006
  1.362551236430987E-006  4.023641235101921E-007  4.023641235104911E-007
  4.023641235107896E-007  4.023641235110897E-007  4.023641235113870E-007
  4.023641235116835E-007  4.023641235119834E-007  4.023641235122822E-007
  4.023641235125832E-007  4.023641235128786E-007  4.023641235131763E-007
  4.023641235134784E-007  4.023641235137761E-007  4.023641235140798E-007
  1.362551236430640E-006  4.023641235092972E-007  4.023641235089553E-007
  4.023641235086130E-007  4.023641235082738E-007  4.023641235079301E-007
  4.023641235075844E-007  4.023641235072478E-007  4.023641235069044E-007
  4.023641235065655E-007  4.023641235062199E-007  4.023641235058809E-007
  4.023641235055421E-007  4.023641235051988E-007  4.023641235048568E-007
  1.362551236430756E-006  4.023641235101770E-007  4.023641235105178E-007
  4.023641235108602E-007  4.023641235112022E-007  4.023641235115418E-007
  4.023641235118820E-007  4.023641235122243E-007  4.023641235125667E-007
  4.023641235129091E-007  4.023641235132492E-007  4.023641235135915E-007
  4.023641235139293E-007  4.023641235142716E-007  4.023641235146155E-007
  1.362551236430582E-006  4.023641235094915E-007  4.023641235093205E-007
  4.023641235091492E-007  4.023641235089802E-007  4.023641235088067E-007
  4.023641235086359E-007  4.023641235084650E-007  4.023641235082919E-007
  4.023641235081256E-007  4.023641235079502E-007  4.023641235077839E-007
  4.023641235076085E-007  4.023641235074422E-007  4.023641235072728E-007
  1.362551236430814E-006  4.023641235099822E-007  4.023641235101536E-007
  4.023641235103229E-007  4.023641235104953E-007  4.023641235106654E-007
  4.023641235108325E-007  4.023641235110063E-007  4.023641235111757E-007
  4.023641235113473E-007  4.023641235115144E-007  4.023641235116860E-007
  4.023641235118576E-007  4.023641235120337E-007  4.023641235122068E-007
  1.362551236430582E-006  4.023641235109716E-007  4.023641235119960E-007
  4.023641235130207E-007  4.023641235140465E-007  4.023641235150680E-007
  4.023641235160920E-007  4.023641235171183E-007  4.023641235181423E-007
  4.023641235191687E-007  4.023641235201881E-007  4.023641235212190E-007
  4.023641235222407E-007  4.023641235232625E-007  4.023641235242903E-007
  1.362551236431161E-006  4.023641235096616E-007  4.023641235094913E-007
  4.023641235093197E-007  4.023641235091505E-007  4.023641235089780E-007
  4.023641235088081E-007  4.023641235086359E-007  4.023641235084660E-007
  4.023641235082961E-007  4.023641235081217E-007  4.023641235079563E-007
  4.023641235077818E-007  4.023641235076075E-007  4.023641235074391E-007
  1.362551236430929E-006  4.023641235123431E-007  4.023641235143921E-007
  4.023641235164408E-007  4.023641235184913E-007  4.023641235205362E-007
  4.023641235225871E-007  4.023641235246380E-007  4.023641235266866E-007
  4.023641235287329E-007  4.023641235307816E-007  4.023641235328370E-007
  4.023641235348788E-007  4.023641235369297E-007  4.023641235389776E-007
  1.362551236432317E-006  4.023641235097920E-007  4.023641235094499E-007
  4.023641235091100E-007  4.023641235087693E-007  4.023641235084263E-007
  4.023641235080825E-007  4.023641235077410E-007  4.023641235073995E-007
  4.023641235070557E-007  4.023641235067164E-007  4.023641235063749E-007
  4.023641235060380E-007  4.023641235056919E-007  4.023641235053473E-007
  1.362551236429542E-006  4.023641235093951E-007  4.023641235093955E-007
  4.023641235093961E-007  4.023641235093963E-007  4.023641235093942E-007
  4.023641235093914E-007  4.023641235093931E-007  4.023641235093925E-007
  4.023641235093942E-007  4.023641235093869E-007  4.023641235093931E-007
  4.023641235093948E-007  4.023641235093965E-007  4.023641235093952E-007
  1.362551236430467E-006  4.023641235071298E-007  4.023641235050815E-007
  4.023641235030317E-007  4.023641235009848E-007  4.023641234989335E-007
  4.023641234968824E-007  4.023641234948337E-007  4.023641234927849E-007
  4.023641234907384E-007  4.023641234886874E-007  4.023641234866365E-007
  4.023641234845854E-007  4.023641234825389E-007  4.023641234804939E-007
  1.362551236430698E-006  4.023641235148126E-007  4.023641235189108E-007
  4.023641235230091E-007  4.023641235271083E-007  4.023641235312036E-007
  4.023641235353027E-007  4.023641235393984E-007  4.023641235434997E-007
  4.023641235475954E-007  4.023641235516933E-007  4.023641235557902E-007
  4.023641235598915E-007  4.023641235639883E-007  4.023641235680889E-007
  1.362551236430929E-006  4.023641235106510E-007  4.023641235113338E-007
  4.023641235120170E-007  4.023641235127010E-007  4.023641235133827E-007
  4.023641235140648E-007  4.023641235147491E-007  4.023641235154312E-007
  4.023641235161155E-007  4.023641235167954E-007  4.023641235174774E-007
  4.023641235181595E-007  4.023641235188416E-007  4.023641235195297E-007
  1.362551236432086E-006  4.023641235088769E-007  4.023641235078529E-007
  4.023641235068287E-007  4.023641235058058E-007  4.023641235047761E-007
  4.023641235037525E-007  4.023641235027288E-007  4.023641235017052E-007
  4.023641235006814E-007  4.023641234996510E-007  4.023641234986319E-007
  4.023641234976037E-007  4.023641234965801E-007  4.023641234955579E-007
  4.614093959731535E-006  1.362551236430803E-006  1.362551236430814E-006
  1.362551236430823E-006  1.362551236430840E-006  1.362551236430840E-006
  1.362551236430849E-006  1.362551236430868E-006  1.362551236430869E-006
  1.362551236430878E-006  1.362551236430897E-006  1.362551236430906E-006
  1.362551236430916E-006  1.362551236430907E-006  1.362551236430925E-006
  1.362551236430640E-006  4.023641235095606E-007  4.023641235094325E-007
  4.023641235093048E-007  4.023641235091773E-007  4.023641235090482E-007
  4.023641235089205E-007  4.023641235087928E-007  4.023641235086651E-007
  4.023641235085374E-007  4.023641235084064E-007  4.023641235082775E-007
  4.023641235081510E-007  4.023641235080222E-007  4.023641235078971E-007
  1.362551236430640E-006  4.023641235082388E-007  4.023641235070436E-007
  4.023641235058485E-007  4.023641235046545E-007  4.023641235034565E-007
  4.023641235022634E-007  4.023641235010657E-007  4.023641234998714E-007
  4.023641234986761E-007  4.023641234974806E-007  4.023641234962876E-007
  4.023641234950876E-007  4.023641234938945E-007  4.023641234927030E-007
  1.362551236430004E-006  4.023641235095316E-007  4.023641235095320E-007
  4.023641235095324E-007  4.023641235095321E-007  4.023641235095307E-007
  4.023641235095309E-007  4.023641235095287E-007  4.023641235095322E-007
  4.023641235095301E-007  4.023641235095269E-007  4.023641235095282E-007
  4.023641235095316E-007  4.023641235095329E-007  4.023641235095333E-007
  1.362551236430235E-006  4.023641235070617E-007  4.023641235050134E-007
  4.023641235029632E-007  4.023641235009154E-007  4.023641234988654E-007
  4.023641234968158E-007  4.023641234947662E-007  4.023641234927165E-007
  4.023641234906692E-007  4.023641234886150E-007  4.023641234865676E-007
  4.023641234845202E-007  4.023641234824774E-007  4.023641234804271E-007
  1.362551236430814E-006  4.023641235104054E-007  4.023641235109173E-007
  4.023641235114297E-007  4.023641235119432E-007  4.023641235124532E-007
  4.023641235129636E-007  4.023641235134763E-007  4.023641235139901E-007
  4.023641235145028E-007  4.023641235150132E-007  4.023641235155281E-007
  4.023641235160363E-007  4.023641235165535E-007  4.023641235170631E-007
  1.362551236430698E-006  4.023641235097362E-007  4.023641235097363E-007
  4.023641235097368E-007  4.023641235097375E-007  4.023641235097371E-007
  4.023641235097370E-007  4.023641235097369E-007  4.023641235097368E-007
  4.023641235097368E-007  4.023641235097345E-007  4.023641235097344E-007
  4.023641235097344E-007  4.023641235097343E-007  4.023641235097402E-007
  1.362551236430004E-006  4.023641235069935E-007  4.023641235049446E-007
  4.023641235028962E-007  4.023641235008470E-007  4.023641234987957E-007
  4.023641234967480E-007  4.023641234946970E-007  4.023641234926494E-007
  4.023641234906006E-007  4.023641234885497E-007  4.023641234864986E-007
  4.023641234844499E-007  4.023641234824011E-007  4.023641234803584E-007
  1.362551236430235E-006  4.023641235108688E-007  4.023641235118937E-007
  4.023641235129170E-007  4.023641235139448E-007  4.023641235149654E-007
  4.023641235159881E-007  4.023641235170153E-007  4.023641235180390E-007
  4.023641235190639E-007  4.023641235200866E-007  4.023641235211115E-007
  4.023641235221342E-007  4.023641235231636E-007  4.023641235241900E-007
  1.362551236432086E-006  4.023641235118385E-007  4.023641235132046E-007
  4.023641235145708E-007  4.023641235159379E-007  4.023641235173012E-007
  4.023641235186670E-007  4.023641235200329E-007  4.023641235213976E-007
  4.023641235227635E-007  4.023641235241315E-007  4.023641235255008E-007
  4.023641235268678E-007  4.023641235282302E-007  4.023641235295942E-007
  1.362551236429542E-006  4.023641235115102E-007  4.023641235132175E-007
  4.023641235149240E-007  4.023641235166350E-007  4.023641235183380E-007
  4.023641235200459E-007  4.023641235217539E-007  4.023641235234630E-007
  4.023641235251686E-007  4.023641235268766E-007  4.023641235285822E-007
  4.023641235302902E-007  4.023641235320026E-007  4.023641235337076E-007
  1.362551236431854E-006  4.023641235143084E-007  4.023641235177237E-007
  4.023641235211377E-007  4.023641235245556E-007  4.023641235279661E-007
  4.023641235313804E-007  4.023641235347981E-007  4.023641235382123E-007
  4.023641235416255E-007  4.023641235450410E-007  4.023641235484620E-007
  4.023641235518741E-007  4.023641235552929E-007  4.023641235586997E-007
  1.362551236429310E-006  4.023641235105959E-007  4.023641235116203E-007
  4.023641235126461E-007  4.023641235136704E-007  4.023641235146912E-007
  4.023641235157170E-007  4.023641235167428E-007  4.023641235177664E-007
  4.023641235187899E-007  4.023641235198179E-007  4.023641235208414E-007
  4.023641235218650E-007  4.023641235228840E-007  4.023641235239136E-007
  1.362551236432086E-006  4.023641235177607E-007  4.023641235239083E-007
  4.023641235300560E-007  4.023641235362039E-007  4.023641235423467E-007
  4.023641235484950E-007  4.023641235546444E-007  4.023641235607892E-007
  4.023641235669363E-007  4.023641235730813E-007  4.023641235792295E-007
  4.023641235853801E-007  4.023641235915238E-007  4.023641235976713E-007
  1.362551236429310E-006  4.023641235067884E-007  4.023641235047395E-007
  4.023641235026902E-007  4.023641235006435E-007  4.023641234985934E-007
  4.023641234965413E-007  4.023641234944916E-007  4.023641234924463E-007
  4.023641234903944E-007  4.023641234883445E-007  4.023641234862971E-007
  4.023641234842496E-007  4.023641234822021E-007  4.023641234801516E-007
  4.614093959731495E-006  1.362551236430779E-006  1.362551236430779E-006
  1.362551236430782E-006  1.362551236430782E-006  1.362551236430773E-006
  1.362551236430770E-006  1.362551236430772E-006  1.362551236430773E-006
  1.362551236430774E-006  1.362551236430775E-006  1.362551236430777E-006
  1.362551236430760E-006  1.362551236430761E-006  1.362551236430788E-006
  1.362551236430929E-006  4.023641235101220E-007  4.023641235103784E-007
  4.023641235106343E-007  4.023641235108920E-007  4.023641235111441E-007
  4.023641235114023E-007  4.023641235116559E-007  4.023641235119163E-007
  4.023641235121722E-007  4.023641235124268E-007  4.023641235126794E-007
  4.023641235129386E-007  4.023641235131956E-007  4.023641235134564E-007
  1.362551236430929E-006  4.023641235105449E-007  4.023641235111429E-007
  4.023641235117403E-007  4.023641235123396E-007  4.023641235129355E-007
  4.023641235135317E-007  4.023641235141302E-007  4.023641235147287E-007
  4.023641235153272E-007  4.023641235159235E-007  4.023641235165197E-007
  4.023641235171160E-007  4.023641235177167E-007  4.023641235183190E-007
  1.362551236431161E-006  4.023641235090272E-007  4.023641235083441E-007
  4.023641235076618E-007  4.023641235069797E-007  4.023641235062942E-007
  4.023641235056103E-007  4.023641235049263E-007  4.023641235042446E-007
  4.023641235035629E-007  4.023641235028767E-007  4.023641235021927E-007
  4.023641235015132E-007  4.023641235008292E-007  4.023641235001468E-007
  1.362551236430351E-006  4.023641235077304E-007  4.023641235061940E-007
  4.023641235046574E-007  4.023641235031216E-007  4.023641235015807E-007
  4.023641235000436E-007  4.023641234985087E-007  4.023641234969715E-007
  4.023641234954344E-007  4.023641234938962E-007  4.023641234923623E-007
  4.023641234908264E-007  4.023641234892881E-007  4.023641234877535E-007
  1.362551236430698E-006  4.023641235097362E-007  4.023641235097363E-007
  4.023641235097368E-007  4.023641235097375E-007  4.023641235097359E-007
  4.023641235097359E-007  4.023641235097369E-007  4.023641235097357E-007
  4.023641235097368E-007  4.023641235097345E-007  4.023641235097344E-007
  4.023641235097321E-007  4.023641235097343E-007  4.023641235097402E-007
  1.362551236430235E-006  4.023641235083307E-007  4.023641235073062E-007
  4.023641235062820E-007  4.023641235052584E-007  4.023641235042325E-007
  4.023641235032081E-007  4.023641235021825E-007  4.023641235011581E-007
  4.023641235001348E-007  4.023641234991071E-007  4.023641234980861E-007
  4.023641234970582E-007  4.023641234960350E-007  4.023641234950132E-007
  1.362551236430235E-006  4.023641235108688E-007  4.023641235118937E-007
  4.023641235129170E-007  4.023641235139448E-007  4.023641235149654E-007
  4.023641235159881E-007  4.023641235170153E-007  4.023641235180390E-007
  4.023641235190639E-007  4.023641235200866E-007  4.023641235211115E-007
  4.023641235221342E-007  4.023641235231636E-007  4.023641235241900E-007
  1.362551236430698E-006  4.023641235118517E-007  4.023641235135587E-007
  4.023641235152671E-007  4.023641235169755E-007  4.023641235186800E-007
  4.023641235203882E-007  4.023641235220986E-007  4.023641235238034E-007
  4.023641235255116E-007  4.023641235272175E-007  4.023641235289246E-007
  4.023641235306339E-007  4.023641235323386E-007  4.023641235340494E-007
  1.362551236430929E-006  4.023641235110736E-007  4.023641235120987E-007
  4.023641235131226E-007  4.023641235141488E-007  4.023641235151705E-007
  4.023641235161959E-007  4.023641235172191E-007  4.023641235182456E-007
  4.023641235192710E-007  4.023641235202919E-007  4.023641235213174E-007
  4.023641235223383E-007  4.023641235233659E-007  4.023641235243928E-007
  1.362551236431161E-006  4.023641235094496E-007  4.023641235091092E-007
  4.023641235087663E-007  4.023641235084275E-007  4.023641235080832E-007
  4.023641235077380E-007  4.023641235073996E-007  4.023641235070568E-007
  4.023641235067184E-007  4.023641235063732E-007  4.023641235060326E-007
  4.023641235056874E-007  4.023641235053559E-007  4.023641235050122E-007
  1.362551236434861E-006  4.023641235168879E-007  4.023641235216696E-007
  4.023641235264505E-007  4.023641235312334E-007  4.023641235360117E-007
  4.023641235407904E-007  4.023641235455736E-007  4.023641235503546E-007
  4.023641235551378E-007  4.023641235599142E-007  4.023641235646975E-007
  4.023641235694762E-007  4.023641235742594E-007  4.023641235790441E-007
  1.362551236429773E-006  4.023641235086174E-007  4.023641235079341E-007
  4.023641235072514E-007  4.023641235065695E-007  4.023641235058841E-007
  4.023641235052014E-007  4.023641235045187E-007  4.023641235038360E-007
  4.023641235031511E-007  4.023641235024661E-007  4.023641235017901E-007
  4.023641235011052E-007  4.023641235004202E-007  4.023641234997367E-007
  1.362551236429773E-006  4.023641235026954E-007  4.023641234972310E-007
  4.023641234917669E-007  4.023641234863030E-007  4.023641234808381E-007
  4.023641234753746E-007  4.023641234699089E-007  4.023641234644454E-007
  4.023641234589796E-007  4.023641234535139E-007  4.023641234480548E-007
  4.023641234425914E-007  4.023641234371234E-007  4.023641234316614E-007
  1.362551236432548E-006  4.023641235111290E-007  4.023641235118118E-007
  4.023641235124955E-007  4.023641235131800E-007  4.023641235138610E-007
  4.023641235145436E-007  4.023641235152239E-007  4.023641235159111E-007
  4.023641235165891E-007  4.023641235172695E-007  4.023641235179543E-007
  4.023641235186391E-007  4.023641235193240E-007  4.023641235200013E-007
  4.614093959731589E-006  1.362551236430833E-006  1.362551236430852E-006
  1.362551236430876E-006  1.362551236430903E-006  1.362551236430909E-006
  1.362551236430929E-006  1.362551236430956E-006  1.362551236430978E-006
  1.362551236430996E-006  1.362551236431018E-006  1.362551236431045E-006
  1.362551236431054E-006  1.362551236431080E-006  1.362551236431097E-006
  1.362551236430958E-006  4.023641235097605E-007  4.023641235097177E-007
  4.023641235096751E-007  4.023641235096335E-007  4.023641235095879E-007
  4.023641235095460E-007  4.023641235095053E-007  4.023641235094590E-007
  4.023641235094205E-007  4.023641235093730E-007  4.023641235093368E-007
  4.023641235092893E-007  4.023641235092441E-007  4.023641235092072E-007
  1.362551236430756E-006  4.023641235099655E-007  4.023641235101355E-007
  4.023641235103083E-007  4.023641235104784E-007  4.023641235106474E-007
  4.023641235108167E-007  4.023641235109883E-007  4.023641235111576E-007
  4.023641235113315E-007  4.023641235114963E-007  4.023641235116679E-007
  4.023641235118395E-007  4.023641235120111E-007  4.023641235121887E-007
  1.362551236430351E-006  4.023641235079421E-007  4.023641235065758E-007
  4.023641235052105E-007  4.023641235038447E-007  4.023641235024773E-007
  4.023641235011114E-007  4.023641234997455E-007  4.023641234983773E-007
  4.023641234970137E-007  4.023641234956443E-007  4.023641234942796E-007
  4.023641234929170E-007  4.023641234915478E-007  4.023641234901867E-007
  1.362551236430814E-006  4.023641235104054E-007  4.023641235109171E-007
  4.023641235114297E-007  4.023641235119432E-007  4.023641235124532E-007
  4.023641235129636E-007  4.023641235134774E-007  4.023641235139912E-007
  4.023641235145028E-007  4.023641235150155E-007  4.023641235155258E-007
  4.023641235160386E-007  4.023641235165512E-007  4.023641235170676E-007
  1.362551236430235E-006  4.023641235079078E-007  4.023641235065416E-007
  4.023641235051764E-007  4.023641235038105E-007  4.023641235024436E-007
  4.023641235010780E-007  4.023641234997115E-007  4.023641234983459E-007
  4.023641234969794E-007  4.023641234956106E-007  4.023641234942461E-007
  4.023641234928796E-007  4.023641234915129E-007  4.023641234901523E-007
  1.362551236429079E-006  4.023641235101048E-007  4.023641235107873E-007
  4.023641235114694E-007  4.023641235121558E-007  4.023641235128337E-007
  4.023641235135192E-007  4.023641235142004E-007  4.023641235148848E-007
  4.023641235155659E-007  4.023641235162515E-007  4.023641235169304E-007
  4.023641235176159E-007  4.023641235182992E-007  4.023641235189841E-007
  1.362551236431623E-006  4.023641235142400E-007  4.023641235176545E-007
  4.023641235210703E-007  4.023641235244865E-007  4.023641235278999E-007
  4.023641235313149E-007  4.023641235347298E-007  4.023641235381436E-007
  4.023641235415585E-007  4.023641235449712E-007  4.023641235483940E-007
  4.023641235518055E-007  4.023641235552171E-007  4.023641235586301E-007
  1.362551236430467E-006  4.023641235088226E-007  4.023641235081393E-007
  4.023641235074566E-007  4.023641235067740E-007  4.023641235060892E-007
  4.023641235054047E-007  4.023641235047225E-007  4.023641235040403E-007
  4.023641235033580E-007  4.023641235026736E-007  4.023641235019869E-007
  4.023641235013047E-007  4.023641235006180E-007  4.023641234999418E-007
  1.362551236431161E-006  4.023641235094496E-007  4.023641235091092E-007
  4.023641235087663E-007  4.023641235084275E-007  4.023641235080832E-007
  4.023641235077380E-007  4.023641235073996E-007  4.023641235070568E-007
  4.023641235067184E-007  4.023641235063732E-007  4.023641235060326E-007
  4.023641235056874E-007  4.023641235053559E-007  4.023641235050122E-007
  1.362551236430236E-006  4.023641235112921E-007  4.023641235126584E-007
  4.023641235140249E-007  4.023641235153910E-007  4.023641235167543E-007
  4.023641235181214E-007  4.023641235194864E-007  4.023641235208535E-007
  4.023641235222183E-007  4.023641235235786E-007  4.023641235249514E-007
  4.023641235263174E-007  4.023641235276834E-007  4.023641235290486E-007
  1.362551236428385E-006  4.023641235107460E-007  4.023641235121117E-007
  4.023641235134790E-007  4.023641235148447E-007  4.023641235162087E-007
  4.023641235175748E-007  4.023641235189387E-007  4.023641235203093E-007
  4.023641235216732E-007  4.023641235230393E-007  4.023641235244021E-007
  4.023641235257738E-007  4.023641235271365E-007  4.023641235285052E-007
  1.362551236429773E-006  4.023641235077710E-007  4.023641235064052E-007
  4.023641235050395E-007  4.023641235036743E-007  4.023641235023062E-007
  4.023641235009414E-007  4.023641234995743E-007  4.023641234982095E-007
  4.023641234968424E-007  4.023641234954730E-007  4.023641234941081E-007
  4.023641234927410E-007  4.023641234913807E-007  4.023641234900128E-007
  1.362551236431623E-006  4.023641235100101E-007  4.023641235100102E-007
  4.023641235100092E-007  4.023641235100121E-007  4.023641235100087E-007
  4.023641235100081E-007  4.023641235100074E-007  4.023641235100090E-007
  4.023641235100083E-007  4.023641235100076E-007  4.023641235100102E-007
  4.023641235100106E-007  4.023641235100044E-007  4.023641235100063E-007
  1.362551236432086E-006  4.023641235186062E-007  4.023641235254367E-007
  4.023641235322666E-007  4.023641235390983E-007  4.023641235459250E-007
  4.023641235527572E-007  4.023641235595883E-007  4.023641235664193E-007
  4.023641235732481E-007  4.023641235800791E-007  4.023641235869113E-007
  4.023641235937367E-007  4.023641236005688E-007  4.023641236074048E-007
  4.614093959731669E-006  1.362551236430829E-006  1.362551236430829E-006
  1.362551236430829E-006  1.362551236430830E-006  1.362551236430827E-006
  1.362551236430826E-006  1.362551236430823E-006  1.362551236430813E-006
  1.362551236430829E-006  1.362551236430827E-006  1.362551236430825E-006
  1.362551236430823E-006  1.362551236430822E-006  1.362551236430827E-006
  1.362551236430756E-006  4.023641235096479E-007  4.023641235095624E-007
  4.023641235094770E-007  4.023641235093931E-007  4.023641235093056E-007
  4.023641235092197E-007  4.023641235091339E-007  4.023641235090502E-007
  4.023641235089643E-007  4.023641235088807E-007  4.023641235087902E-007
  4.023641235087089E-007  4.023641235086230E-007  4.023641235085386E-007
  1.362551236431334E-006  4.023641235104538E-007  4.023641235108800E-007
  4.023641235113074E-007  4.023641235117350E-007  4.023641235121582E-007
  4.023641235125850E-007  4.023641235130141E-007  4.023641235134410E-007
  4.023641235138679E-007  4.023641235142926E-007  4.023641235147262E-007
  4.023641235151462E-007  4.023641235155709E-007  4.023641235160015E-007
  1.362551236431507E-006  4.023641235097642E-007  4.023641235095937E-007
  4.023641235094225E-007  4.023641235092531E-007  4.023641235090793E-007
  4.023641235089069E-007  4.023641235087413E-007  4.023641235085690E-007
  4.023641235083989E-007  4.023641235082254E-007  4.023641235080587E-007
  4.023641235078852E-007  4.023641235077162E-007  4.023641235075397E-007
  1.362551236430698E-006  4.023641235097362E-007  4.023641235097363E-007
  4.023641235097368E-007  4.023641235097375E-007  4.023641235097359E-007
  4.023641235097359E-007  4.023641235097369E-007  4.023641235097357E-007
  4.023641235097368E-007  4.023641235097345E-007  4.023641235097344E-007
  4.023641235097321E-007  4.023641235097343E-007  4.023641235097402E-007
  1.362551236431161E-006  4.023641235119878E-007  4.023641235136956E-007
  4.023641235154034E-007  4.023641235171123E-007  4.023641235188184E-007
  4.023641235205259E-007  4.023641235222324E-007  4.023641235239399E-007
  4.023641235256486E-007  4.023641235273528E-007  4.023641235290626E-007
  4.023641235307679E-007  4.023641235324777E-007  4.023641235341868E-007
  1.362551236430698E-006  4.023641235105828E-007  4.023641235112653E-007
  4.023641235119483E-007  4.023641235126332E-007  4.023641235133140E-007
  4.023641235139970E-007  4.023641235146799E-007  4.023641235153618E-007
  4.023641235160448E-007  4.023641235167254E-007  4.023641235174152E-007
  4.023641235180936E-007  4.023641235187744E-007  4.023641235194565E-007
  1.362551236430235E-006  4.023641235087538E-007  4.023641235080709E-007
  4.023641235073867E-007  4.023641235067062E-007  4.023641235060205E-007
  4.023641235053369E-007  4.023641235046556E-007  4.023641235039709E-007
  4.023641235032896E-007  4.023641235026037E-007  4.023641235019247E-007
  4.023641235012343E-007  4.023641235005552E-007  4.023641234998731E-007
  1.362551236429310E-006  4.023641235097499E-007  4.023641235100915E-007
  4.023641235104332E-007  4.023641235107751E-007  4.023641235111159E-007
  4.023641235114536E-007  4.023641235117959E-007  4.023641235121381E-007
  4.023641235124805E-007  4.023641235128159E-007  4.023641235131673E-007
  4.023641235135004E-007  4.023641235138517E-007  4.023641235141911E-007
  1.362551236434399E-006  4.023641235142135E-007  4.023641235169453E-007
  4.023641235196776E-007  4.023641235224118E-007  4.023641235251403E-007
  4.023641235278726E-007  4.023641235306049E-007  4.023641235333371E-007
  4.023641235360694E-007  4.023641235387994E-007  4.023641235415317E-007
  4.023641235442640E-007  4.023641235469962E-007  4.023641235497300E-007
  1.362551236431161E-006  4.023641235098736E-007  4.023641235098733E-007
  4.023641235098744E-007  4.023641235098751E-007  4.023641235098696E-007
  4.023641235098725E-007  4.023641235098731E-007  4.023641235098736E-007
  4.023641235098697E-007  4.023641235098680E-007  4.023641235098674E-007
  4.023641235098736E-007  4.023641235098708E-007  4.023641235098717E-007
  1.362551236430698E-006  4.023641235063529E-007  4.023641235036204E-007
  4.023641235008883E-007  4.023641234981564E-007  4.023641234954228E-007
  4.023641234926924E-007  4.023641234899587E-007  4.023641234872272E-007
  4.023641234844934E-007  4.023641234817596E-007  4.023641234790337E-007
  4.023641234763010E-007  4.023641234735661E-007  4.023641234708349E-007
  1.362551236427922E-006  4.023641235080705E-007  4.023641235073881E-007
  4.023641235067044E-007  4.023641235060248E-007  4.023641235053407E-007
  4.023641235046525E-007  4.023641235039710E-007  4.023641235032896E-007
  4.023641235026037E-007  4.023641235019244E-007  4.023641235012430E-007
  4.023641235005616E-007  4.023641234998756E-007  4.023641234991911E-007
  1.362551236434861E-006  4.023641235160425E-007  4.023641235201403E-007
  4.023641235242386E-007  4.023641235283382E-007  4.023641235324316E-007
  4.023641235365327E-007  4.023641235406304E-007  4.023641235447280E-007
  4.023641235488257E-007  4.023641235529234E-007  4.023641235570200E-007
  4.023641235611188E-007  4.023641235652198E-007  4.023641235693179E-007
  1.362551236429310E-006  4.023641235042508E-007  4.023641235001527E-007
  4.023641234960537E-007  4.023641234919582E-007  4.023641234878581E-007
  4.023641234837591E-007  4.023641234796589E-007  4.023641234755620E-007
  4.023641234714641E-007  4.023641234673650E-007  4.023641234632694E-007
  4.023641234591714E-007  4.023641234550712E-007  4.023641234509747E-007
  4.614093959731495E-006  1.362551236430727E-006  1.362551236430684E-006
  1.362551236430642E-006  1.362551236430601E-006  1.362551236430547E-006
  1.362551236430499E-006  1.362551236430455E-006  1.362551236430420E-006
  1.362551236430385E-006  1.362551236430341E-006  1.362551236430298E-006
  1.362551236430236E-006  1.362551236430201E-006  1.362551236430174E-006
  1.362551236431161E-006  4.023641235099789E-007  4.023641235100645E-007
  4.023641235101506E-007  4.023641235102362E-007  4.023641235103195E-007
  4.023641235104045E-007  4.023641235104871E-007  4.023641235105742E-007
  4.023641235106637E-007  4.023641235107463E-007  4.023641235108312E-007
  4.023641235109116E-007  4.023641235110010E-007  4.023641235110874E-007
  1.362551236430582E-006  4.023641235094912E-007  4.023641235093196E-007
  4.023641235091495E-007  4.023641235089797E-007  4.023641235088065E-007
  4.023641235086347E-007  4.023641235084652E-007  4.023641235082958E-007
  4.023641235081240E-007  4.023641235079546E-007  4.023641235077828E-007
  4.023641235076112E-007  4.023641235074394E-007  4.023641235072737E-007
  1.362551236430004E-006  4.023641235084741E-007  4.023641235076209E-007
  4.023641235067669E-007  4.023641235059131E-007  4.023641235050571E-007
  4.023641235042036E-007  4.023641235033479E-007  4.023641235024968E-007
  4.023641235016433E-007  4.023641235007898E-007  4.023641234999297E-007
  4.023641234990785E-007  4.023641234982228E-007  4.023641234973777E-007
  1.362551236430467E-006  4.023641235071298E-007  4.023641235050815E-007
  4.023641235030317E-007  4.023641235009848E-007  4.023641234989335E-007
  4.023641234968824E-007  4.023641234948337E-007  4.023641234927849E-007
  4.023641234907384E-007  4.023641234886874E-007  4.023641234866365E-007
  4.023641234845854E-007  4.023641234825389E-007  4.023641234804939E-007
  1.362551236431161E-006  4.023641235086040E-007  4.023641235075798E-007
  4.023641235065555E-007  4.023641235055319E-007  4.023641235045042E-007
  4.023641235034791E-007  4.023641235024574E-007  4.023641235014302E-007
  4.023641235004063E-007  4.023641234993824E-007  4.023641234983528E-007
  4.023641234973323E-007  4.023641234963096E-007  4.023641234952883E-007
  1.362551236430698E-006  4.023641235093135E-007  4.023641235089723E-007
  4.023641235086306E-007  4.023641235082896E-007  4.023641235079470E-007
  4.023641235076070E-007  4.023641235072624E-007  4.023641235069225E-007
  4.023641235065802E-007  4.023641235062357E-007  4.023641235058991E-007
  4.023641235055557E-007  4.023641235052123E-007  4.023641235048726E-007
  1.362551236430235E-006  4.023641235074847E-007  4.023641235057773E-007
  4.023641235040696E-007  4.023641235023638E-007  4.023641235006524E-007
  4.023641234989447E-007  4.023641234972370E-007  4.023641234955293E-007
  4.023641234938238E-007  4.023641234921162E-007  4.023641234904131E-007
  4.023641234886963E-007  4.023641234869932E-007  4.023641234852870E-007
  1.362551236427460E-006  4.023641235079341E-007  4.023641235072514E-007
  4.023641235065678E-007  4.023641235058881E-007  4.023641235052007E-007
  4.023641235045169E-007  4.023641235038332E-007  4.023641235031541E-007
  4.023641235024681E-007  4.023641235017844E-007  4.023641235011030E-007
  4.023641235004260E-007  4.023641234997356E-007  4.023641234990510E-007
  1.362551236430698E-006  4.023641235012765E-007  4.023641234944459E-007
  4.023641234876163E-007  4.023641234807875E-007  4.023641234739558E-007
  4.023641234671257E-007  4.023641234602932E-007  4.023641234534653E-007
  4.023641234466329E-007  4.023641234398005E-007  4.023641234329715E-007
  4.023641234261446E-007  4.023641234193133E-007  4.023641234124813E-007
  1.362551236432548E-006  4.023641235136673E-007  4.023641235163993E-007
  4.023641235191306E-007  4.023641235218660E-007  4.023641235245946E-007
  4.023641235273259E-007  4.023641235300572E-007  4.023641235327908E-007
  4.023641235355220E-007  4.023641235382533E-007  4.023641235409891E-007
  4.023641235437203E-007  4.023641235464471E-007  4.023641235491799E-007
  1.362551236433011E-006  4.023641235087281E-007  4.023641235073620E-007
  4.023641235059952E-007  4.023641235046309E-007  4.023641235032597E-007
  4.023641235018969E-007  4.023641235005318E-007  4.023641234991644E-007
  4.023641234977993E-007  4.023641234964297E-007  4.023641234950646E-007
  4.023641234936995E-007  4.023641234923343E-007  4.023641234909663E-007
  1.362551236429310E-006  4.023641235169414E-007  4.023641235230881E-007
  4.023641235292372E-007  4.023641235353830E-007  4.023641235415270E-007
  4.023641235476750E-007  4.023641235538229E-007  4.023641235599708E-007
  4.023641235661164E-007  4.023641235722643E-007  4.023641235784111E-007
  4.023641235845601E-007  4.023641235907091E-007  4.023641235968529E-007
  1.362551236430698E-006  4.023641235105823E-007  4.023641235112658E-007
  4.023641235119486E-007  4.023641235126331E-007  4.023641235133153E-007
  4.023641235139969E-007  4.023641235146809E-007  4.023641235153624E-007
  4.023641235160463E-007  4.023641235167278E-007  4.023641235174117E-007
  4.023641235180955E-007  4.023641235187793E-007  4.023641235194647E-007
  1.362551236428848E-006  4.023641235117285E-007  4.023641235137776E-007
  4.023641235158264E-007  4.023641235178776E-007  4.023641235199232E-007
  4.023641235219703E-007  4.023641235240197E-007  4.023641235260691E-007
  4.023641235281208E-007  4.023641235301679E-007  4.023641235322196E-007
  4.023641235342667E-007  4.023641235363139E-007  4.023641235383669E-007
  4.614093959731495E-006  1.362551236430779E-006  1.362551236430779E-006
  1.362551236430782E-006  1.362551236430782E-006  1.362551236430773E-006
  1.362551236430770E-006  1.362551236430772E-006  1.362551236430773E-006
  1.362551236430774E-006  1.362551236430775E-006  1.362551236430777E-006
  1.362551236430760E-006  1.362551236430761E-006  1.362551236430788E-006
  1.362551236430640E-006  4.023641235095081E-007  4.023641235093370E-007
  4.023641235091676E-007  4.023641235089966E-007  4.023641235088223E-007
  4.023641235086528E-007  4.023641235084811E-007  4.023641235083116E-007
  4.023641235081421E-007  4.023641235079637E-007  4.023641235077964E-007
  4.023641235076247E-007  4.023641235074575E-007  4.023641235072918E-007
  1.362551236430814E-006  4.023641235101936E-007  4.023641235105353E-007
  4.023641235108775E-007  4.023641235112193E-007  4.023641235115588E-007
  4.023641235118997E-007  4.023641235122419E-007  4.023641235125818E-007
  4.023641235129261E-007  4.023641235132627E-007  4.023641235136059E-007
  4.023641235139425E-007  4.023641235142880E-007  4.023641235146372E-007
  1.362551236430698E-006  4.023641235097362E-007  4.023641235097363E-007
  4.023641235097368E-007  4.023641235097375E-007  4.023641235097371E-007
  4.023641235097370E-007  4.023641235097369E-007  4.023641235097368E-007
  4.023641235097368E-007  4.023641235097345E-007  4.023641235097344E-007
  4.023641235097344E-007  4.023641235097343E-007  4.023641235097402E-007
  1.362551236432086E-006  4.023641235101461E-007  4.023641235101461E-007
  4.023641235101462E-007  4.023641235101482E-007  4.023641235101452E-007
  4.023641235101436E-007  4.023641235101443E-007  4.023641235101461E-007
  4.023641235101468E-007  4.023641235101429E-007  4.023641235101493E-007
  4.023641235101444E-007  4.023641235101439E-007  4.023641235101449E-007
  1.362551236431623E-006  4.023641235095869E-007  4.023641235092453E-007
  4.023641235089041E-007  4.023641235085631E-007  4.023641235082210E-007
  4.023641235078780E-007  4.023641235075375E-007  4.023641235071946E-007
  4.023641235068516E-007  4.023641235065087E-007  4.023641235061681E-007
  4.023641235058320E-007  4.023641235054868E-007  4.023641235051477E-007
  1.362551236430698E-006  4.023641235148126E-007  4.023641235189108E-007
  4.023641235230091E-007  4.023641235271083E-007  4.023641235312036E-007
  4.023641235353027E-007  4.023641235393984E-007  4.023641235434997E-007
  4.023641235475954E-007  4.023641235516933E-007  4.023641235557902E-007
  4.023641235598915E-007  4.023641235639883E-007  4.023641235680889E-007
  1.362551236431392E-006  4.023641235124797E-007  4.023641235145285E-007
  4.023641235165780E-007  4.023641235186279E-007  4.023641235206751E-007
  4.023641235227237E-007  4.023641235247735E-007  4.023641235268221E-007
  4.023641235288718E-007  4.023641235309171E-007  4.023641235329657E-007
  4.023641235350144E-007  4.023641235370630E-007  4.023641235391153E-007
  1.362551236433011E-006  4.023641235053442E-007  4.023641235012453E-007
  4.023641234971477E-007  4.023641234930502E-007  4.023641234889483E-007
  4.023641234848524E-007  4.023641234807541E-007  4.023641234766559E-007
  4.023641234725555E-007  4.023641234684573E-007  4.023641234643636E-007
  4.023641234602609E-007  4.023641234561626E-007  4.023641234520660E-007
  1.362551236431623E-006  4.023641235125475E-007  4.023641235145966E-007
  4.023641235166448E-007  4.023641235186970E-007  4.023641235207423E-007
  4.023641235227904E-007  4.023641235248417E-007  4.023641235268909E-007
  4.023641235289366E-007  4.023641235309891E-007  4.023641235330360E-007
  4.023641235350874E-007  4.023641235371343E-007  4.023641235391849E-007
  1.362551236430235E-006  4.023641235036780E-007  4.023641234988965E-007
  4.023641234941166E-007  4.023641234893354E-007  4.023641234845526E-007
  4.023641234797701E-007  4.023641234749876E-007  4.023641234702097E-007
  4.023641234654272E-007  4.023641234606447E-007  4.023641234558589E-007
  4.023641234510843E-007  4.023641234463030E-007  4.023641234415208E-007
  1.362551236429773E-006  4.023641235018490E-007  4.023641234957018E-007
  4.023641234895550E-007  4.023641234834090E-007  4.023641234772613E-007
  4.023641234711123E-007  4.023641234649656E-007  4.023641234588188E-007
  4.023641234526709E-007  4.023641234465230E-007  4.023641234403773E-007
  4.023641234342295E-007  4.023641234280793E-007  4.023641234219352E-007
  1.362551236427460E-006  4.023641235062427E-007  4.023641235041930E-007
  4.023641235021455E-007  4.023641235000959E-007  4.023641234980440E-007
  4.023641234959947E-007  4.023641234939477E-007  4.023641234918985E-007
  4.023641234898470E-007  4.023641234878022E-007  4.023641234857484E-007
  4.023641234837037E-007  4.023641234816545E-007  4.023641234796022E-007
  1.362551236426535E-006  4.023641235025848E-007  4.023641234978036E-007
  4.023641234930226E-007  4.023641234882422E-007  4.023641234834590E-007
  4.023641234786768E-007  4.023641234738946E-007  4.023641234691146E-007
  4.023641234643347E-007  4.023641234595502E-007  4.023641234547737E-007
  4.023641234499881E-007  4.023641234452115E-007  4.023641234404319E-007
  1.362551236430698E-006  4.023641235071985E-007  4.023641235051496E-007
  4.023641235031008E-007  4.023641235010527E-007  4.023641234990019E-007
  4.023641234969525E-007  4.023641234949031E-007  4.023641234928537E-007
  4.023641234908043E-007  4.023641234887527E-007  4.023641234867067E-007
  4.023641234846584E-007  4.023641234826101E-007  4.023641234805612E-007
  4.614093959731589E-006  1.362551236430886E-006  1.362551236430949E-006
  1.362551236431016E-006  1.362551236431083E-006  1.362551236431135E-006
  1.362551236431200E-006  1.362551236431272E-006  1.362551236431330E-006
  1.362551236431393E-006  1.362551236431461E-006  1.362551236431524E-006
  1.362551236431578E-006  1.362551236431659E-006  1.362551236431693E-006
  1.362551236431045E-006  4.023641235094162E-007  4.023641235090746E-007
  4.023641235087332E-007  4.023641235083930E-007  4.023641235080484E-007
  4.023641235077064E-007  4.023641235073644E-007  4.023641235070246E-007
  4.023641235066837E-007  4.023641235063395E-007  4.023641235059974E-007
  4.023641235056577E-007  4.023641235053157E-007  4.023641235049775E-007
  1.362551236431855E-006  4.023641235111361E-007  4.023641235119897E-007
  4.023641235128433E-007  4.023641235136984E-007  4.023641235145500E-007
  4.023641235154008E-007  4.023641235162585E-007  4.023641235171094E-007
  4.023641235179647E-007  4.023641235188167E-007  4.023641235196732E-007
  4.023641235205252E-007  4.023641235213794E-007  4.023641235222284E-007
  1.362551236431161E-006  4.023641235096618E-007  4.023641235094908E-007
  4.023641235093205E-007  4.023641235091509E-007  4.023641235089778E-007
  4.023641235088075E-007  4.023641235086350E-007  4.023641235084645E-007
  4.023641235082942E-007  4.023641235081217E-007  4.023641235079490E-007
  4.023641235077854E-007  4.023641235076084E-007  4.023641235074418E-007
  1.362551236430698E-006  4.023641235076212E-007  4.023641235059142E-007
  4.023641235042059E-007  4.023641235025006E-007  4.023641235007896E-007
  4.023641234990802E-007  4.023641234973730E-007  4.023641234956659E-007
  4.023641234939610E-007  4.023641234922515E-007  4.023641234905466E-007
  4.023641234888326E-007  4.023641234871322E-007  4.023641234854242E-007
  1.362551236431392E-006  4.023641235107873E-007  4.023641235114710E-007
  4.023641235121536E-007  4.023641235128388E-007  4.023641235135182E-007
  4.023641235142003E-007  4.023641235148824E-007  4.023641235155667E-007
  4.023641235162511E-007  4.023641235169355E-007  4.023641235176175E-007
  4.023641235182996E-007  4.023641235189817E-007  4.023641235196652E-007
  1.362551236430929E-006  4.023641235106510E-007  4.023641235113338E-007
  4.023641235120170E-007  4.023641235127010E-007  4.023641235133827E-007
  4.023641235140648E-007  4.023641235147491E-007  4.023641235154312E-007
  4.023641235161155E-007  4.023641235167954E-007  4.023641235174774E-007
  4.023641235181595E-007  4.023641235188416E-007  4.023641235195297E-007
  1.362551236432086E-006  4.023641235143768E-007  4.023641235177921E-007
  4.023641235212079E-007  4.023641235246232E-007  4.023641235280352E-007
  4.023641235314493E-007  4.023641235348656E-007  4.023641235382807E-007
  4.023641235416948E-007  4.023641235451089E-007  4.023641235485241E-007
  4.023641235519415E-007  4.023641235553567E-007  4.023641235587711E-007
  1.362551236430698E-006  4.023641235105826E-007  4.023641235112658E-007
  4.023641235119486E-007  4.023641235126331E-007  4.023641235133142E-007
  4.023641235139969E-007  4.023641235146809E-007  4.023641235153624E-007
  4.023641235160451E-007  4.023641235167278E-007  4.023641235174117E-007
  4.023641235180955E-007  4.023641235187793E-007  4.023641235194624E-007
  1.362551236429773E-006  4.023641235103095E-007  4.023641235109928E-007
  4.023641235116744E-007  4.023641235123607E-007  4.023641235130404E-007
  4.023641235137214E-007  4.023641235144071E-007  4.023641235150903E-007
  4.023641235157738E-007  4.023641235164525E-007  4.023641235171382E-007
  4.023641235178237E-007  4.023641235185048E-007  4.023641235191874E-007
  1.362551236430698E-006  4.023641235071985E-007  4.023641235051493E-007
  4.023641235031008E-007  4.023641235010527E-007  4.023641234990019E-007
  4.023641234969502E-007  4.023641234949008E-007  4.023641234928560E-007
  4.023641234908043E-007  4.023641234887527E-007  4.023641234867044E-007
  4.023641234846584E-007  4.023641234826057E-007  4.023641234805612E-007
  1.362551236430698E-006  4.023641235139670E-007  4.023641235173823E-007
  4.023641235207963E-007  4.023641235242136E-007  4.023641235276251E-007
  4.023641235310392E-007  4.023641235344558E-007  4.023641235378721E-007
  4.023641235412886E-007  4.023641235446960E-007  4.023641235481147E-007
  4.023641235515334E-007  4.023641235549430E-007  4.023641235583633E-007
  1.362551236430698E-006  4.023641235071985E-007  4.023641235051493E-007
  4.023641235031008E-007  4.023641235010527E-007  4.023641234990019E-007
  4.023641234969502E-007  4.023641234949008E-007  4.023641234928560E-007
  4.023641234908043E-007  4.023641234887527E-007  4.023641234867044E-007
  4.023641234846584E-007  4.023641234826057E-007  4.023641234805612E-007
  1.362551236427922E-006  4.023641235089169E-007  4.023641235089173E-007
  4.023641235089174E-007  4.023641235089188E-007  4.023641235089174E-007
  4.023641235089147E-007  4.023641235089143E-007  4.023641235089184E-007
  4.023641235089157E-007  4.023641235089175E-007  4.023641235089160E-007
  4.023641235089190E-007  4.023641235089174E-007  4.023641235089173E-007
  1.362551236427922E-006  4.023641235072249E-007  4.023641235058586E-007
  4.023641235044919E-007  4.023641235031285E-007  4.023641235017617E-007
  4.023641235003925E-007  4.023641234990266E-007  4.023641234976619E-007
  4.023641234962938E-007  4.023641234949268E-007  4.023641234935610E-007
  4.023641234921974E-007  4.023641234908338E-007  4.023641234894649E-007
  4.614093959731669E-006  1.362551236430829E-006  1.362551236430829E-006
  1.362551236430829E-006  1.362551236430830E-006  1.362551236430827E-006
  1.362551236430826E-006  1.362551236430823E-006  1.362551236430813E-006
  1.362551236430829E-006  1.362551236430827E-006  1.362551236430825E-006
  1.362551236430823E-006  1.362551236430822E-006  1.362551236430827E-006
  1.362551236430987E-006  4.023641235108792E-007  4.023641235117330E-007
  4.023641235125873E-007  4.023641235134419E-007  4.023641235142930E-007
  4.023641235151467E-007  4.023641235160004E-007  4.023641235168542E-007
  4.023641235177102E-007  4.023641235185572E-007  4.023641235194109E-007
  4.023641235202647E-007  4.023641235211230E-007  4.023641235219827E-007
  1.362551236430698E-006  4.023641235099483E-007  4.023641235101189E-007
  4.023641235102891E-007  4.023641235104614E-007  4.023641235106304E-007
  4.023641235108009E-007  4.023641235109713E-007  4.023641235111429E-007
  4.023641235113134E-007  4.023641235114828E-007  4.023641235116521E-007
  4.023641235118237E-007  4.023641235119931E-007  4.023641235121661E-007
  1.362551236431161E-006  4.023641235119884E-007  4.023641235136959E-007
  4.023641235154029E-007  4.023641235171123E-007  4.023641235188172E-007
  4.023641235205225E-007  4.023641235222324E-007  4.023641235239377E-007
  4.023641235256452E-007  4.023641235273528E-007  4.023641235290604E-007
  4.023641235307724E-007  4.023641235324800E-007  4.023641235341845E-007
  1.362551236430698E-006  4.023641235097362E-007  4.023641235097363E-007
  4.023641235097368E-007  4.023641235097375E-007  4.023641235097371E-007
  4.023641235097370E-007  4.023641235097369E-007  4.023641235097368E-007
  4.023641235097368E-007  4.023641235097345E-007  4.023641235097344E-007
  4.023641235097344E-007  4.023641235097343E-007  4.023641235097402E-007
  1.362551236430698E-006  4.023641235118517E-007  4.023641235135587E-007
  4.023641235152671E-007  4.023641235169755E-007  4.023641235186800E-007
  4.023641235203882E-007  4.023641235220986E-007  4.023641235238034E-007
  4.023641235255116E-007  4.023641235272175E-007  4.023641235289246E-007
  4.023641235306339E-007  4.023641235323386E-007  4.023641235340494E-007
  1.362551236428616E-006  4.023641235078527E-007  4.023641235068287E-007
  4.023641235058035E-007  4.023641235047809E-007  4.023641235037526E-007
  4.023641235027291E-007  4.023641235017035E-007  4.023641235006801E-007
  4.023641234996544E-007  4.023641234986265E-007  4.023641234976100E-007
  4.023641234965843E-007  4.023641234955586E-007  4.023641234945300E-007
  1.362551236431623E-006  4.023641235133943E-007  4.023641235161263E-007
  4.023641235188576E-007  4.023641235215914E-007  4.023641235243196E-007
  4.023641235270526E-007  4.023641235297856E-007  4.023641235325186E-007
  4.023641235352517E-007  4.023641235379780E-007  4.023641235407110E-007
  4.023641235434440E-007  4.023641235461725E-007  4.023641235489116E-007
  1.362551236431623E-006  4.023641235150856E-007  4.023641235191838E-007
  4.023641235232829E-007  4.023641235273816E-007  4.023641235314781E-007
  4.023641235355772E-007  4.023641235396740E-007  4.023641235437731E-007
  4.023641235478698E-007  4.023641235519644E-007  4.023641235560635E-007
  4.023641235601626E-007  4.023641235642662E-007  4.023641235683622E-007
  1.362551236429773E-006  4.023641235018490E-007  4.023641234957018E-007
  4.023641234895550E-007  4.023641234834090E-007  4.023641234772613E-007
  4.023641234711123E-007  4.023641234649656E-007  4.023641234588188E-007
  4.023641234526709E-007  4.023641234465230E-007  4.023641234403773E-007
  4.023641234342295E-007  4.023641234280793E-007  4.023641234219352E-007
  1.362551236429310E-006  4.023641235067884E-007  4.023641235047395E-007
  4.023641235026902E-007  4.023641235006435E-007  4.023641234985934E-007
  4.023641234965413E-007  4.023641234944916E-007  4.023641234924463E-007
  4.023641234903944E-007  4.023641234883445E-007  4.023641234862971E-007
  4.023641234842496E-007  4.023641234822021E-007  4.023641234801516E-007
  1.362551236431623E-006  4.023641235100101E-007  4.023641235100102E-007
  4.023641235100092E-007  4.023641235100121E-007  4.023641235100087E-007
  4.023641235100081E-007  4.023641235100074E-007  4.023641235100090E-007
  4.023641235100083E-007  4.023641235100076E-007  4.023641235100102E-007
  4.023641235100106E-007  4.023641235100044E-007  4.023641235100063E-007
  1.362551236426535E-006  4.023641235017395E-007  4.023641234962751E-007
  4.023641234908120E-007  4.023641234853477E-007  4.023641234798807E-007
  4.023641234744168E-007  4.023641234689530E-007  4.023641234634879E-007
  4.023641234580230E-007  4.023641234525636E-007  4.023641234470964E-007
  4.023641234416336E-007  4.023641234361686E-007  4.023641234307007E-007
  1.362551236426997E-006  4.023641235052597E-007  4.023641235025279E-007
  4.023641234997960E-007  4.023641234970654E-007  4.023641234943315E-007
  4.023641234915969E-007  4.023641234888645E-007  4.023641234861344E-007
  4.023641234834020E-007  4.023641234806696E-007  4.023641234779372E-007
  4.023641234752048E-007  4.023641234724769E-007  4.023641234697460E-007
  1.362551236428848E-006  4.023641235193428E-007  4.023641235275385E-007
  4.023641235357350E-007  4.023641235439324E-007  4.023641235521263E-007
  4.023641235603218E-007  4.023641235685172E-007  4.023641235767172E-007
  4.023641235849104E-007  4.023641235931058E-007  4.023641236013013E-007
  4.023641236095013E-007  4.023641236176967E-007  4.023641236258936E-007
