  0.000000000000000E+000 -4.270268246252482E-031 -4.270268246252479E-031
 -4.270268246252479E-031 -4.270268246252478E-031 -4.270268246252478E-031
 -4.270268246252478E-031 -4.270268246252496E-031 -4.270268246252496E-031
 -4.270268246252496E-031 -4.270268246252496E-031 -4.270268246252496E-031
 -4.270268246252496E-031 -4.270268246252496E-031 -4.270268246252433E-031
  0.000000000000000E+000  1.791801350886028E-031  1.791801350886027E-031
  1.791801350886027E-031  1.791801350886027E-031  1.791801350886027E-031
  1.791801350886027E-031  1.791801350886033E-031  1.791801350886033E-031
  1.791801350886033E-031  1.791801350886033E-031  1.791801350886033E-031
  1.791801350886033E-031  1.791801350886033E-031  1.791801350886006E-031
  0.000000000000000E+000  0.000000000000000E+000  0.000000000000000E+000
  0.000000000000000E+000  0.000000000000000E+000  0.000000000000000E+000
  0.000000000000000E+000  0.000000000000000E+000  0.000000000000000E+000
  0.000000000000000E+000  0.000000000000000E+000  0.000000000000000E+000
  0.000000000000000E+000  0.000000000000000E+000  0.000000000000000E+000
  0.000000000000000E+000  0.000000000000000E+000  0.000000000000000E+000
  0.000000000000000E+000  0.000000000000000E+000  0.000000000000000E+000
  0.000000000000000E+000  0.000000000000000E+000  0.000000000000000E+000
  0.000000000000000E+000  0.000000000000000E+000  0.000000000000000E+000
  0.000000000000000E+000  0.000000000000000E+000  0.000000000000000E+000
  0.000000000000000E+000  2.469062422634342E-031  2.469062422634340E-031
  2.469062422634340E-031  2.469062422634339E-031  2.469062422634340E-031
  2.469062422634340E-031  2.469062422634349E-031  2.469062422634349E-031
  2.469062422634349E-031  2.469062422634349E-031  2.469062422634349E-031
  2.469062422634349E-031  2.469062422634349E-031  2.469062422634312E-031
  0.000000000000000E+000 -2.469062422634342E-031 -2.469062422634339E-031
 -2.469062422634339E-031 -2.469062422634339E-031 -2.469062422634339E-031
 -2.469062422634339E-031 -2.469062422634348E-031 -2.469062422634348E-031
 -2.469062422634348E-031 -2.469062422634348E-031 -2.469062422634348E-031
 -2.469062422634348E-031 -2.469062422634348E-031 -2.469062422634312E-031
  0.000000000000000E+000 -2.469062422634342E-031 -2.469062422634339E-031
 -2.469062422634339E-031 -2.469062422634339E-031 -2.469062422634339E-031
 -2.469062422634339E-031 -2.469062422634348E-031 -2.469062422634348E-031
 -2.469062422634348E-031 -2.469062422634348E-031 -2.469062422634348E-031
 -2.469062422634348E-031 -2.469062422634348E-031 -2.469062422634312E-031
  0.000000000000000E+000  0.000000000000000E+000  0.000000000000000E+000
  0.000000000000000E+000  0.000000000000000E+000  0.000000000000000E+000
  0.000000000000000E+000  0.000000000000000E+000  0.000000000000000E+000
  0.000000000000000E+000  0.000000000000000E+000  0.000000000000000E+000
  0.000000000000000E+000  0.000000000000000E+000  0.000000000000000E+000
  0.000000000000000E+000  0.000000000000000E+000  0.000000000000000E+000
  0.000000000000000E+000  0.000000000000000E+000  0.000000000000000E+000
  0.000000000000000E+000  0.000000000000000E+000  0.000000000000000E+000
  0.000000000000000E+000  0.000000000000000E+000  0.000000000000000E+000
  0.000000000000000E+000  0.000000000000000E+000  0.000000000000000E+000
  0.000000000000000E+000  0.000000000000000E+000  0.000000000000000E+000
  0.000000000000000E+000  0.000000000000000E+000  0.000000000000000E+000
  0.000000000000000E+000  0.000000000000000E+000  0.000000000000000E+000
  0.000000000000000E+000  0.000000000000000E+000  0.000000000000000E+000
  0.000000000000000E+000  0.000000000000000E+000  0.000000000000000E+000
  0.000000000000000E+000  0.000000000000000E+000  0.000000000000000E+000
  0.000000000000000E+000  0.000000000000000E+000  0.000000000000000E+000
  0.000000000000000E+000  0.000000000000000E+000  0.000000000000000E+000
  0.000000000000000E+000  0.000000000000000E+000  0.000000000000000E+000
  0.000000000000000E+000  0.000000000000000E+000  0.000000000000000E+000
  0.000000000000000E+000  0.000000000000000E+000  0.000000000000000E+000
  0.000000000000000E+000  0.000000000000000E+000  0.000000000000000E+000
  0.000000000000000E+000  0.000000000000000E+000  0.000000000000000E+000
  0.000000000000000E+000  0.000000000000000E+000  0.000000000000000E+000
  0.000000000000000E+000  0.000000000000000E+000  0.000000000000000E+000
  0.000000000000000E+000  0.000000000000000E+000  0.000000000000000E+000
  0.000000000000000E+000  0.000000000000000E+000  0.000000000000000E+000
  0.000000000000000E+000  0.000000000000000E+000  0.000000000000000E+000
  0.000000000000000E+000  0.000000000000000E+000  0.000000000000000E+000
  0.000000000000000E+000  0.000000000000000E+000  0.000000000000000E+000
  0.000000000000000E+000  0.000000000000000E+000  0.000000000000000E+000
  0.000000000000000E+000  0.000000000000000E+000  0.000000000000000E+000
  0.000000000000000E+000  0.000000000000000E+000  0.000000000000000E+000
  0.000000000000000E+000  0.000000000000000E+000  0.000000000000000E+000
  0.000000000000000E+000  0.000000000000000E+000  0.000000000000000E+000
  0.000000000000000E+000  4.944764659697803E-031  4.944764659697798E-031
  4.944764659697798E-031  4.944764659697798E-031  4.944764659697798E-031
  4.944764659697798E-031  4.944764659697818E-031  4.944764659697818E-031
  4.944764659697818E-031  4.944764659697818E-031  4.944764659697818E-031
  4.944764659697818E-031  4.944764659697818E-031  4.944764659697745E-031
  0.000000000000000E+000 -1.791801350886028E-031 -1.791801350886027E-031
 -1.791801350886027E-031 -1.791801350886026E-031 -1.791801350886026E-031
 -1.791801350886026E-031 -1.791801350886033E-031 -1.791801350886033E-031
 -1.791801350886033E-031 -1.791801350886033E-031 -1.791801350886033E-031
 -1.791801350886033E-031 -1.791801350886033E-031 -1.791801350886006E-031
  0.000000000000000E+000  2.971165948613085E-031  2.971165948613082E-031
  2.971165948613082E-031  2.971165948613081E-031  2.971165948613081E-031
  2.971165948613081E-031  2.971165948613093E-031  2.971165948613093E-031
  2.971165948613093E-031  2.971165948613093E-031  2.971165948613093E-031
  2.971165948613093E-031  2.971165948613093E-031  2.971165948613048E-031
  0.000000000000000E+000  4.058066383352536E-031  4.058066383352531E-031
  4.058066383352531E-031  4.058066383352530E-031  4.058066383352530E-031
  4.058066383352530E-031  4.058066383352546E-031  4.058066383352546E-031
  4.058066383352546E-031  4.058066383352546E-031  4.058066383352546E-031
  4.058066383352546E-031  4.058066383352546E-031  4.058066383352485E-031
  0.000000000000000E+000  4.058066383352536E-031  4.058066383352531E-031
  4.058066383352531E-031  4.058066383352530E-031  4.058066383352530E-031
  4.058066383352530E-031  4.058066383352546E-031  4.058066383352546E-031
  4.058066383352546E-031  4.058066383352546E-031  4.058066383352546E-031
  4.058066383352546E-031  4.058066383352546E-031  4.058066383352485E-031
  0.000000000000000E+000  1.884265513873629E-031  1.884265513873627E-031
  1.884265513873627E-031  1.884265513873627E-031  1.884265513873627E-031
  1.884265513873627E-031  1.884265513873635E-031  1.884265513873635E-031
  1.884265513873635E-031  1.884265513873635E-031  1.884265513873635E-031
  1.884265513873635E-031  1.884265513873635E-031  1.884265513873606E-031
  0.000000000000000E+000 -2.338063622336139E-031 -2.338063622336136E-031
 -2.338063622336136E-031 -2.338063622336136E-031 -2.338063622336136E-031
 -2.338063622336136E-031 -2.338063622336146E-031 -2.338063622336146E-031
 -2.338063622336146E-031 -2.338063622336146E-031 -2.338063622336146E-031
 -2.338063622336146E-031 -2.338063622336146E-031 -2.338063622336110E-031
  0.000000000000000E+000 -2.338063622336139E-031 -2.338063622336136E-031
 -2.338063622336136E-031 -2.338063622336136E-031 -2.338063622336136E-031
 -2.338063622336136E-031 -2.338063622336146E-031 -2.338063622336146E-031
 -2.338063622336146E-031 -2.338063622336146E-031 -2.338063622336146E-031
 -2.338063622336146E-031 -2.338063622336146E-031 -2.338063622336110E-031
  0.000000000000000E+000  1.884265513873636E-031  1.884265513873634E-031
  1.884265513873634E-031  1.884265513873635E-031  1.884265513873635E-031
  1.884265513873635E-031  1.884265513873642E-031  1.884265513873642E-031
  1.884265513873642E-031  1.884265513873642E-031  1.884265513873642E-031
  1.884265513873642E-031  1.884265513873642E-031  1.884265513873613E-031
  0.000000000000000E+000  1.884265513873636E-031  1.884265513873634E-031
  1.884265513873634E-031  1.884265513873635E-031  1.884265513873635E-031
  1.884265513873635E-031  1.884265513873642E-031  1.884265513873642E-031
  1.884265513873642E-031  1.884265513873642E-031  1.884265513873642E-031
  1.884265513873642E-031  1.884265513873642E-031  1.884265513873613E-031
  0.000000000000000E+000  1.884265513873636E-031  1.884265513873634E-031
  1.884265513873634E-031  1.884265513873635E-031  1.884265513873635E-031
  1.884265513873635E-031  1.884265513873642E-031  1.884265513873642E-031
  1.884265513873642E-031  1.884265513873642E-031  1.884265513873642E-031
  1.884265513873642E-031  1.884265513873642E-031  1.884265513873613E-031
  0.000000000000000E+000  1.884265513873636E-031  1.884265513873634E-031
  1.884265513873634E-031  1.884265513873635E-031  1.884265513873635E-031
  1.884265513873635E-031  1.884265513873642E-031  1.884265513873642E-031
  1.884265513873642E-031  1.884265513873642E-031  1.884265513873642E-031
  1.884265513873642E-031  1.884265513873642E-031  1.884265513873613E-031
  0.000000000000000E+000  1.884265513873636E-031  1.884265513873634E-031
  1.884265513873634E-031  1.884265513873635E-031  1.884265513873635E-031
  1.884265513873635E-031  1.884265513873642E-031  1.884265513873642E-031
  1.884265513873642E-031  1.884265513873642E-031  1.884265513873642E-031
  1.884265513873642E-031  1.884265513873642E-031  1.884265513873613E-031
  0.000000000000000E+000  1.884265513873636E-031  1.884265513873634E-031
  1.884265513873634E-031  1.884265513873635E-031  1.884265513873635E-031
  1.884265513873635E-031  1.884265513873642E-031  1.884265513873642E-031
  1.884265513873642E-031  1.884265513873642E-031  1.884265513873642E-031
  1.884265513873642E-031  1.884265513873642E-031  1.884265513873613E-031
  0.000000000000000E+000  1.884265513873636E-031  1.884265513873634E-031
  1.884265513873634E-031  1.884265513873635E-031  1.884265513873635E-031
  1.884265513873635E-031  1.884265513873642E-031  1.884265513873642E-031
  1.884265513873642E-031  1.884265513873642E-031  1.884265513873642E-031
  1.884265513873642E-031  1.884265513873642E-031  1.884265513873613E-031
  0.000000000000000E+000  5.497095255944488E-031  5.497095255944481E-031
  5.497095255944481E-031  5.497095255944481E-031  5.497095255944481E-031
  5.497095255944481E-031  5.497095255944502E-031  5.497095255944502E-031
  5.497095255944502E-031  5.497095255944502E-031  5.497095255944502E-031
  5.497095255944502E-031  5.497095255944502E-031  5.497095255944421E-031
  0.000000000000000E+000 -1.114540279137713E-031 -1.114540279137712E-031
 -1.114540279137712E-031 -1.114540279137712E-031 -1.114540279137712E-031
 -1.114540279137712E-031 -1.114540279137716E-031 -1.114540279137716E-031
 -1.114540279137716E-031 -1.114540279137716E-031 -1.114540279137716E-031
 -1.114540279137716E-031 -1.114540279137716E-031 -1.114540279137700E-031
  0.000000000000000E+000  7.973650791341778E-032  7.973650791341769E-032
  7.973650791341769E-032  7.973650791341769E-032  7.973650791341769E-032
  7.973650791341769E-032  7.973650791341799E-032  7.973650791341799E-032
  7.973650791341799E-032  7.973650791341799E-032  7.973650791341799E-032
  7.973650791341799E-032  7.973650791341799E-032  7.973650791341679E-032
  0.000000000000000E+000  1.884265513873631E-031  1.884265513873629E-031
  1.884265513873629E-031  1.884265513873629E-031  1.884265513873629E-031
  1.884265513873629E-031  1.884265513873636E-031  1.884265513873636E-031
  1.884265513873636E-031  1.884265513873636E-031  1.884265513873636E-031
  1.884265513873636E-031  1.884265513873636E-031  1.884265513873608E-031
  0.000000000000000E+000  1.884265513873631E-031  1.884265513873629E-031
  1.884265513873629E-031  1.884265513873629E-031  1.884265513873629E-031
  1.884265513873629E-031  1.884265513873636E-031  1.884265513873636E-031
  1.884265513873636E-031  1.884265513873636E-031  1.884265513873636E-031
  1.884265513873636E-031  1.884265513873636E-031  1.884265513873608E-031
  0.000000000000000E+000  2.006727513354780E-031  2.006727513354777E-031
  2.006727513354777E-031  2.006727513354777E-031  2.006727513354777E-031
  2.006727513354777E-031  2.006727513354785E-031  2.006727513354785E-031
  2.006727513354785E-031  2.006727513354785E-031  2.006727513354785E-031
  2.006727513354785E-031  2.006727513354785E-031  2.006727513354755E-031
  0.000000000000000E+000 -2.215601622854992E-031 -2.215601622854990E-031
 -2.215601622854990E-031 -2.215601622854991E-031 -2.215601622854990E-031
 -2.215601622854990E-031 -2.215601622854999E-031 -2.215601622854999E-031
 -2.215601622854999E-031 -2.215601622854999E-031 -2.215601622854999E-031
 -2.215601622854999E-031 -2.215601622854999E-031 -2.215601622854966E-031
  0.000000000000000E+000 -2.215601622854992E-031 -2.215601622854990E-031
 -2.215601622854990E-031 -2.215601622854991E-031 -2.215601622854990E-031
 -2.215601622854990E-031 -2.215601622854999E-031 -2.215601622854999E-031
 -2.215601622854999E-031 -2.215601622854999E-031 -2.215601622854999E-031
 -2.215601622854999E-031 -2.215601622854999E-031 -2.215601622854966E-031
  0.000000000000000E+000 -4.266940492852768E-031 -4.266940492852764E-031
 -4.266940492852764E-031 -4.266940492852764E-031 -4.266940492852764E-031
 -4.266940492852764E-031 -4.266940492852779E-031 -4.266940492852779E-031
 -4.266940492852779E-031 -4.266940492852779E-031 -4.266940492852779E-031
 -4.266940492852779E-031 -4.266940492852779E-031 -4.266940492852716E-031
  0.000000000000000E+000 -4.266940492852768E-031 -4.266940492852764E-031
 -4.266940492852764E-031 -4.266940492852764E-031 -4.266940492852764E-031
 -4.266940492852764E-031 -4.266940492852779E-031 -4.266940492852779E-031
 -4.266940492852779E-031 -4.266940492852779E-031 -4.266940492852779E-031
 -4.266940492852779E-031 -4.266940492852779E-031 -4.266940492852716E-031
  0.000000000000000E+000 -4.266940492852768E-031 -4.266940492852764E-031
 -4.266940492852764E-031 -4.266940492852764E-031 -4.266940492852764E-031
 -4.266940492852764E-031 -4.266940492852779E-031 -4.266940492852779E-031
 -4.266940492852779E-031 -4.266940492852779E-031 -4.266940492852779E-031
 -4.266940492852779E-031 -4.266940492852779E-031 -4.266940492852716E-031
  0.000000000000000E+000 -4.266940492852768E-031 -4.266940492852764E-031
 -4.266940492852764E-031 -4.266940492852764E-031 -4.266940492852764E-031
 -4.266940492852764E-031 -4.266940492852779E-031 -4.266940492852779E-031
 -4.266940492852779E-031 -4.266940492852779E-031 -4.266940492852779E-031
 -4.266940492852779E-031 -4.266940492852779E-031 -4.266940492852716E-031
  0.000000000000000E+000 -4.266940492852768E-031 -4.266940492852764E-031
 -4.266940492852764E-031 -4.266940492852764E-031 -4.266940492852764E-031
 -4.266940492852764E-031 -4.266940492852779E-031 -4.266940492852779E-031
 -4.266940492852779E-031 -4.266940492852779E-031 -4.266940492852779E-031
 -4.266940492852779E-031 -4.266940492852779E-031 -4.266940492852716E-031
  0.000000000000000E+000 -4.266940492852768E-031 -4.266940492852764E-031
 -4.266940492852764E-031 -4.266940492852764E-031 -4.266940492852764E-031
 -4.266940492852764E-031 -4.266940492852779E-031 -4.266940492852779E-031
 -4.266940492852779E-031 -4.266940492852779E-031 -4.266940492852779E-031
 -4.266940492852779E-031 -4.266940492852779E-031 -4.266940492852716E-031
  0.000000000000000E+000 -4.266940492852768E-031 -4.266940492852764E-031
 -4.266940492852764E-031 -4.266940492852764E-031 -4.266940492852764E-031
 -4.266940492852764E-031 -4.266940492852779E-031 -4.266940492852779E-031
 -4.266940492852779E-031 -4.266940492852779E-031 -4.266940492852779E-031
 -4.266940492852779E-031 -4.266940492852779E-031 -4.266940492852716E-031
  0.000000000000000E+000 -6.541107507818202E-032 -6.541107507818196E-032
 -6.541107507818196E-032 -6.541107507818196E-032 -6.541107507818196E-032
 -6.541107507818196E-032 -6.541107507818222E-032 -6.541107507818222E-032
 -6.541107507818222E-032 -6.541107507818222E-032 -6.541107507818222E-032
 -6.541107507818222E-032 -6.541107507818222E-032 -6.541107507818123E-032
  0.000000000000000E+000  0.000000000000000E+000  0.000000000000000E+000
  0.000000000000000E+000  0.000000000000000E+000  0.000000000000000E+000
  0.000000000000000E+000  0.000000000000000E+000  0.000000000000000E+000
  0.000000000000000E+000  0.000000000000000E+000  0.000000000000000E+000
  0.000000000000000E+000  0.000000000000000E+000  0.000000000000000E+000
  0.000000000000000E+000  4.959868517236818E-031  4.959868517236812E-031
  4.959868517236812E-031  4.959868517236813E-031  4.959868517236813E-031
  4.959868517236813E-031  4.959868517236831E-031  4.959868517236831E-031
  4.959868517236831E-031  4.959868517236831E-031  4.959868517236831E-031
  4.959868517236831E-031  4.959868517236831E-031  4.959868517236756E-031
  0.000000000000000E+000  4.058066383352531E-031  4.058066383352527E-031
  4.058066383352527E-031  4.058066383352527E-031  4.058066383352527E-031
  4.058066383352527E-031  4.058066383352544E-031  4.058066383352544E-031
  4.058066383352544E-031  4.058066383352544E-031  4.058066383352544E-031
  4.058066383352544E-031  4.058066383352544E-031  4.058066383352482E-031
  0.000000000000000E+000  4.058066383352531E-031  4.058066383352527E-031
  4.058066383352527E-031  4.058066383352527E-031  4.058066383352527E-031
  4.058066383352527E-031  4.058066383352544E-031  4.058066383352544E-031
  4.058066383352544E-031  4.058066383352544E-031  4.058066383352544E-031
  4.058066383352544E-031  4.058066383352544E-031  4.058066383352482E-031
  0.000000000000000E+000  1.884265513873627E-031  1.884265513873626E-031
  1.884265513873626E-031  1.884265513873626E-031  1.884265513873626E-031
  1.884265513873626E-031  1.884265513873633E-031  1.884265513873633E-031
  1.884265513873633E-031  1.884265513873633E-031  1.884265513873633E-031
  1.884265513873633E-031  1.884265513873633E-031  1.884265513873604E-031
  0.000000000000000E+000 -2.338063622336136E-031 -2.338063622336135E-031
 -2.338063622336135E-031 -2.338063622336135E-031 -2.338063622336135E-031
 -2.338063622336135E-031 -2.338063622336143E-031 -2.338063622336143E-031
 -2.338063622336143E-031 -2.338063622336143E-031 -2.338063622336143E-031
 -2.338063622336143E-031 -2.338063622336143E-031 -2.338063622336108E-031
  0.000000000000000E+000 -2.338063622336136E-031 -2.338063622336135E-031
 -2.338063622336135E-031 -2.338063622336135E-031 -2.338063622336135E-031
 -2.338063622336135E-031 -2.338063622336143E-031 -2.338063622336143E-031
 -2.338063622336143E-031 -2.338063622336143E-031 -2.338063622336143E-031
 -2.338063622336143E-031 -2.338063622336143E-031 -2.338063622336108E-031
  0.000000000000000E+000  1.884265513873635E-031  1.884265513873633E-031
  1.884265513873633E-031  1.884265513873633E-031  1.884265513873633E-031
  1.884265513873633E-031  1.884265513873640E-031  1.884265513873640E-031
  1.884265513873640E-031  1.884265513873640E-031  1.884265513873640E-031
  1.884265513873640E-031  1.884265513873640E-031  1.884265513873612E-031
  0.000000000000000E+000  1.884265513873635E-031  1.884265513873633E-031
  1.884265513873633E-031  1.884265513873633E-031  1.884265513873633E-031
  1.884265513873633E-031  1.884265513873640E-031  1.884265513873640E-031
  1.884265513873640E-031  1.884265513873640E-031  1.884265513873640E-031
  1.884265513873640E-031  1.884265513873640E-031  1.884265513873612E-031
  0.000000000000000E+000  1.884265513873635E-031  1.884265513873633E-031
  1.884265513873633E-031  1.884265513873633E-031  1.884265513873633E-031
  1.884265513873633E-031  1.884265513873640E-031  1.884265513873640E-031
  1.884265513873640E-031  1.884265513873640E-031  1.884265513873640E-031
  1.884265513873640E-031  1.884265513873640E-031  1.884265513873612E-031
  0.000000000000000E+000  1.884265513873635E-031  1.884265513873633E-031
  1.884265513873633E-031  1.884265513873633E-031  1.884265513873633E-031
  1.884265513873633E-031  1.884265513873640E-031  1.884265513873640E-031
  1.884265513873640E-031  1.884265513873640E-031  1.884265513873640E-031
  1.884265513873640E-031  1.884265513873640E-031  1.884265513873612E-031
  0.000000000000000E+000  1.884265513873635E-031  1.884265513873633E-031
  1.884265513873633E-031  1.884265513873633E-031  1.884265513873633E-031
  1.884265513873633E-031  1.884265513873640E-031  1.884265513873640E-031
  1.884265513873640E-031  1.884265513873640E-031  1.884265513873640E-031
  1.884265513873640E-031  1.884265513873640E-031  1.884265513873612E-031
  0.000000000000000E+000  1.884265513873635E-031  1.884265513873633E-031
  1.884265513873633E-031  1.884265513873633E-031  1.884265513873633E-031
  1.884265513873633E-031  1.884265513873640E-031  1.884265513873640E-031
  1.884265513873640E-031  1.884265513873640E-031  1.884265513873640E-031
  1.884265513873640E-031  1.884265513873640E-031  1.884265513873612E-031
  0.000000000000000E+000  1.884265513873635E-031  1.884265513873633E-031
  1.884265513873633E-031  1.884265513873633E-031  1.884265513873633E-031
  1.884265513873633E-031  1.884265513873640E-031  1.884265513873640E-031
  1.884265513873640E-031  1.884265513873640E-031  1.884265513873640E-031
  1.884265513873640E-031  1.884265513873640E-031  1.884265513873612E-031
  0.000000000000000E+000  5.497095255944482E-031  5.497095255944478E-031
  5.497095255944478E-031  5.497095255944478E-031  5.497095255944477E-031
  5.497095255944477E-031  5.497095255944499E-031  5.497095255944499E-031
  5.497095255944499E-031  5.497095255944499E-031  5.497095255944499E-031
  5.497095255944499E-031  5.497095255944499E-031  5.497095255944415E-031
  0.000000000000000E+000  2.469062422634341E-031  2.469062422634339E-031
  2.469062422634339E-031  2.469062422634339E-031  2.469062422634339E-031
  2.469062422634339E-031  2.469062422634348E-031  2.469062422634348E-031
  2.469062422634348E-031  2.469062422634348E-031  2.469062422634348E-031
  2.469062422634348E-031  2.469062422634348E-031  2.469062422634311E-031
  0.000000000000000E+000 -1.191337489489559E-031 -1.191337489489558E-031
 -1.191337489489558E-031 -1.191337489489559E-031 -1.191337489489559E-031
 -1.191337489489559E-031 -1.191337489489563E-031 -1.191337489489563E-031
 -1.191337489489563E-031 -1.191337489489563E-031 -1.191337489489563E-031
 -1.191337489489563E-031 -1.191337489489563E-031 -1.191337489489545E-031
  0.000000000000000E+000  1.884265513873627E-031  1.884265513873625E-031
  1.884265513873625E-031  1.884265513873626E-031  1.884265513873626E-031
  1.884265513873626E-031  1.884265513873633E-031  1.884265513873633E-031
  1.884265513873633E-031  1.884265513873633E-031  1.884265513873633E-031
  1.884265513873633E-031  1.884265513873633E-031  1.884265513873605E-031
  0.000000000000000E+000  1.884265513873627E-031  1.884265513873625E-031
  1.884265513873625E-031  1.884265513873626E-031  1.884265513873626E-031
  1.884265513873626E-031  1.884265513873633E-031  1.884265513873633E-031
  1.884265513873633E-031  1.884265513873633E-031  1.884265513873633E-031
  1.884265513873633E-031  1.884265513873633E-031  1.884265513873605E-031
  0.000000000000000E+000  1.802494473104201E-033  1.802494473104199E-033
  1.802494473104199E-033  1.802494473104199E-033  1.802494473104199E-033
  1.802494473104199E-033  1.802494473104206E-033  1.802494473104206E-033
  1.802494473104206E-033  1.802494473104206E-033  1.802494473104206E-033
  1.802494473104206E-033  1.802494473104206E-033  1.802494473104179E-033
  0.000000000000000E+000 -2.268990542312547E-032 -2.268990542312545E-032
 -2.268990542312545E-032 -2.268990542312545E-032 -2.268990542312545E-032
 -2.268990542312545E-032 -2.268990542312554E-032 -2.268990542312554E-032
 -2.268990542312554E-032 -2.268990542312554E-032 -2.268990542312554E-032
 -2.268990542312554E-032 -2.268990542312554E-032 -2.268990542312520E-032
  0.000000000000000E+000 -2.268990542312547E-032 -2.268990542312545E-032
 -2.268990542312545E-032 -2.268990542312545E-032 -2.268990542312545E-032
 -2.268990542312545E-032 -2.268990542312554E-032 -2.268990542312554E-032
 -2.268990542312554E-032 -2.268990542312554E-032 -2.268990542312554E-032
 -2.268990542312554E-032 -2.268990542312554E-032 -2.268990542312520E-032
  0.000000000000000E+000 -4.266940492852760E-031 -4.266940492852756E-031
 -4.266940492852756E-031 -4.266940492852755E-031 -4.266940492852757E-031
 -4.266940492852757E-031 -4.266940492852772E-031 -4.266940492852772E-031
 -4.266940492852772E-031 -4.266940492852772E-031 -4.266940492852772E-031
 -4.266940492852772E-031 -4.266940492852772E-031 -4.266940492852708E-031
  0.000000000000000E+000 -4.266940492852760E-031 -4.266940492852756E-031
 -4.266940492852756E-031 -4.266940492852755E-031 -4.266940492852757E-031
 -4.266940492852757E-031 -4.266940492852772E-031 -4.266940492852772E-031
 -4.266940492852772E-031 -4.266940492852772E-031 -4.266940492852772E-031
 -4.266940492852772E-031 -4.266940492852772E-031 -4.266940492852708E-031
  0.000000000000000E+000 -4.266940492852760E-031 -4.266940492852756E-031
 -4.266940492852756E-031 -4.266940492852755E-031 -4.266940492852757E-031
 -4.266940492852757E-031 -4.266940492852772E-031 -4.266940492852772E-031
 -4.266940492852772E-031 -4.266940492852772E-031 -4.266940492852772E-031
 -4.266940492852772E-031 -4.266940492852772E-031 -4.266940492852708E-031
  0.000000000000000E+000 -4.266940492852760E-031 -4.266940492852756E-031
 -4.266940492852756E-031 -4.266940492852755E-031 -4.266940492852757E-031
 -4.266940492852757E-031 -4.266940492852772E-031 -4.266940492852772E-031
 -4.266940492852772E-031 -4.266940492852772E-031 -4.266940492852772E-031
 -4.266940492852772E-031 -4.266940492852772E-031 -4.266940492852708E-031
  0.000000000000000E+000 -4.266940492852760E-031 -4.266940492852756E-031
 -4.266940492852756E-031 -4.266940492852755E-031 -4.266940492852757E-031
 -4.266940492852757E-031 -4.266940492852772E-031 -4.266940492852772E-031
 -4.266940492852772E-031 -4.266940492852772E-031 -4.266940492852772E-031
 -4.266940492852772E-031 -4.266940492852772E-031 -4.266940492852708E-031
  0.000000000000000E+000 -4.266940492852760E-031 -4.266940492852756E-031
 -4.266940492852756E-031 -4.266940492852755E-031 -4.266940492852757E-031
 -4.266940492852757E-031 -4.266940492852772E-031 -4.266940492852772E-031
 -4.266940492852772E-031 -4.266940492852772E-031 -4.266940492852772E-031
 -4.266940492852772E-031 -4.266940492852772E-031 -4.266940492852708E-031
  0.000000000000000E+000 -4.266940492852760E-031 -4.266940492852756E-031
 -4.266940492852756E-031 -4.266940492852755E-031 -4.266940492852757E-031
 -4.266940492852757E-031 -4.266940492852772E-031 -4.266940492852772E-031
 -4.266940492852772E-031 -4.266940492852772E-031 -4.266940492852772E-031
 -4.266940492852772E-031 -4.266940492852772E-031 -4.266940492852708E-031
  0.000000000000000E+000 -4.939076188365557E-031 -4.939076188365554E-031
 -4.939076188365554E-031 -4.939076188365551E-031 -4.939076188365551E-031
 -4.939076188365551E-031 -4.939076188365571E-031 -4.939076188365571E-031
 -4.939076188365571E-031 -4.939076188365571E-031 -4.939076188365571E-031
 -4.939076188365571E-031 -4.939076188365571E-031 -4.939076188365497E-031
  0.000000000000000E+000  0.000000000000000E+000  0.000000000000000E+000
  0.000000000000000E+000  0.000000000000000E+000  0.000000000000000E+000
  0.000000000000000E+000  0.000000000000000E+000  0.000000000000000E+000
  0.000000000000000E+000  0.000000000000000E+000  0.000000000000000E+000
  0.000000000000000E+000  0.000000000000000E+000  0.000000000000000E+000
  0.000000000000000E+000 -1.191337489489564E-031 -1.191337489489563E-031
 -1.191337489489563E-031 -1.191337489489563E-031 -1.191337489489563E-031
 -1.191337489489563E-031 -1.191337489489567E-031 -1.191337489489567E-031
 -1.191337489489567E-031 -1.191337489489567E-031 -1.191337489489567E-031
 -1.191337489489567E-031 -1.191337489489567E-031 -1.191337489489549E-031
  0.000000000000000E+000  1.884265513873635E-031  1.884265513873633E-031
  1.884265513873633E-031  1.884265513873633E-031  1.884265513873633E-031
  1.884265513873633E-031  1.884265513873640E-031  1.884265513873640E-031
  1.884265513873640E-031  1.884265513873640E-031  1.884265513873640E-031
  1.884265513873640E-031  1.884265513873640E-031  1.884265513873612E-031
  0.000000000000000E+000  1.884265513873635E-031  1.884265513873633E-031
  1.884265513873633E-031  1.884265513873633E-031  1.884265513873633E-031
  1.884265513873633E-031  1.884265513873640E-031  1.884265513873640E-031
  1.884265513873640E-031  1.884265513873640E-031  1.884265513873640E-031
  1.884265513873640E-031  1.884265513873640E-031  1.884265513873612E-031
  0.000000000000000E+000 -4.266940492852760E-031 -4.266940492852756E-031
 -4.266940492852756E-031 -4.266940492852755E-031 -4.266940492852757E-031
 -4.266940492852757E-031 -4.266940492852772E-031 -4.266940492852772E-031
 -4.266940492852772E-031 -4.266940492852772E-031 -4.266940492852772E-031
 -4.266940492852772E-031 -4.266940492852772E-031 -4.266940492852708E-031
  0.000000000000000E+000  4.058066383352546E-031  4.058066383352542E-031
  4.058066383352542E-031  4.058066383352542E-031  4.058066383352543E-031
  4.058066383352543E-031  4.058066383352558E-031  4.058066383352558E-031
  4.058066383352558E-031  4.058066383352558E-031  4.058066383352558E-031
  4.058066383352558E-031  4.058066383352558E-031  4.058066383352496E-031
  0.000000000000000E+000  4.058066383352546E-031  4.058066383352542E-031
  4.058066383352542E-031  4.058066383352542E-031  4.058066383352543E-031
  4.058066383352543E-031  4.058066383352558E-031  4.058066383352558E-031
  4.058066383352558E-031  4.058066383352558E-031  4.058066383352558E-031
  4.058066383352558E-031  4.058066383352558E-031  4.058066383352496E-031
  0.000000000000000E+000 -4.266940492852775E-031 -4.266940492852772E-031
 -4.266940492852772E-031 -4.266940492852771E-031 -4.266940492852772E-031
 -4.266940492852772E-031 -4.266940492852788E-031 -4.266940492852788E-031
 -4.266940492852788E-031 -4.266940492852788E-031 -4.266940492852788E-031
 -4.266940492852788E-031 -4.266940492852788E-031 -4.266940492852724E-031
  0.000000000000000E+000 -4.266940492852775E-031 -4.266940492852772E-031
 -4.266940492852772E-031 -4.266940492852771E-031 -4.266940492852772E-031
 -4.266940492852772E-031 -4.266940492852788E-031 -4.266940492852788E-031
 -4.266940492852788E-031 -4.266940492852788E-031 -4.266940492852788E-031
 -4.266940492852788E-031 -4.266940492852788E-031 -4.266940492852724E-031
  0.000000000000000E+000 -4.266940492852775E-031 -4.266940492852772E-031
 -4.266940492852772E-031 -4.266940492852771E-031 -4.266940492852772E-031
 -4.266940492852772E-031 -4.266940492852788E-031 -4.266940492852788E-031
 -4.266940492852788E-031 -4.266940492852788E-031 -4.266940492852788E-031
 -4.266940492852788E-031 -4.266940492852788E-031 -4.266940492852724E-031
  0.000000000000000E+000 -4.266940492852775E-031 -4.266940492852772E-031
 -4.266940492852772E-031 -4.266940492852771E-031 -4.266940492852772E-031
 -4.266940492852772E-031 -4.266940492852788E-031 -4.266940492852788E-031
 -4.266940492852788E-031 -4.266940492852788E-031 -4.266940492852788E-031
 -4.266940492852788E-031 -4.266940492852788E-031 -4.266940492852724E-031
  0.000000000000000E+000 -4.266940492852775E-031 -4.266940492852772E-031
 -4.266940492852772E-031 -4.266940492852771E-031 -4.266940492852772E-031
 -4.266940492852772E-031 -4.266940492852788E-031 -4.266940492852788E-031
 -4.266940492852788E-031 -4.266940492852788E-031 -4.266940492852788E-031
 -4.266940492852788E-031 -4.266940492852788E-031 -4.266940492852724E-031
  0.000000000000000E+000 -4.266940492852775E-031 -4.266940492852772E-031
 -4.266940492852772E-031 -4.266940492852771E-031 -4.266940492852772E-031
 -4.266940492852772E-031 -4.266940492852788E-031 -4.266940492852788E-031
 -4.266940492852788E-031 -4.266940492852788E-031 -4.266940492852788E-031
 -4.266940492852788E-031 -4.266940492852788E-031 -4.266940492852724E-031
  0.000000000000000E+000 -4.266940492852775E-031 -4.266940492852772E-031
 -4.266940492852772E-031 -4.266940492852771E-031 -4.266940492852772E-031
 -4.266940492852772E-031 -4.266940492852788E-031 -4.266940492852788E-031
 -4.266940492852788E-031 -4.266940492852788E-031 -4.266940492852788E-031
 -4.266940492852788E-031 -4.266940492852788E-031 -4.266940492852724E-031
  0.000000000000000E+000 -6.541107507818215E-032 -6.541107507818210E-032
 -6.541107507818210E-032 -6.541107507818210E-032 -6.541107507818209E-032
 -6.541107507818209E-032 -6.541107507818234E-032 -6.541107507818234E-032
 -6.541107507818234E-032 -6.541107507818234E-032 -6.541107507818234E-032
 -6.541107507818234E-032 -6.541107507818234E-032 -6.541107507818136E-032
  0.000000000000000E+000 -2.469062422634342E-031 -2.469062422634339E-031
 -2.469062422634339E-031 -2.469062422634339E-031 -2.469062422634339E-031
 -2.469062422634339E-031 -2.469062422634348E-031 -2.469062422634348E-031
 -2.469062422634348E-031 -2.469062422634348E-031 -2.469062422634348E-031
 -2.469062422634348E-031 -2.469062422634348E-031 -2.469062422634311E-031
  0.000000000000000E+000 -5.413666625699328E-031 -5.413666625699323E-031
 -5.413666625699323E-031 -5.413666625699322E-031 -5.413666625699322E-031
 -5.413666625699322E-031 -5.413666625699342E-031 -5.413666625699342E-031
 -5.413666625699342E-031 -5.413666625699342E-031 -5.413666625699342E-031
 -5.413666625699342E-031 -5.413666625699342E-031 -5.413666625699261E-031
  0.000000000000000E+000 -2.338063622336136E-031 -2.338063622336135E-031
 -2.338063622336135E-031 -2.338063622336135E-031 -2.338063622336135E-031
 -2.338063622336135E-031 -2.338063622336143E-031 -2.338063622336143E-031
 -2.338063622336143E-031 -2.338063622336143E-031 -2.338063622336143E-031
 -2.338063622336143E-031 -2.338063622336143E-031 -2.338063622336108E-031
  0.000000000000000E+000 -2.338063622336136E-031 -2.338063622336135E-031
 -2.338063622336135E-031 -2.338063622336135E-031 -2.338063622336135E-031
 -2.338063622336135E-031 -2.338063622336143E-031 -2.338063622336143E-031
 -2.338063622336143E-031 -2.338063622336143E-031 -2.338063622336143E-031
 -2.338063622336143E-031 -2.338063622336143E-031 -2.338063622336108E-031
  0.000000000000000E+000 -2.268990542312547E-032 -2.268990542312545E-032
 -2.268990542312545E-032 -2.268990542312545E-032 -2.268990542312546E-032
 -2.268990542312546E-032 -2.268990542312554E-032 -2.268990542312554E-032
 -2.268990542312554E-032 -2.268990542312554E-032 -2.268990542312554E-032
 -2.268990542312554E-032 -2.268990542312554E-032 -2.268990542312520E-032
  0.000000000000000E+000  8.098107821974019E-031  8.098107821974012E-031
  8.098107821974012E-031  8.098107821974012E-031  8.098107821974012E-031
  8.098107821974012E-031  8.098107821974042E-031  8.098107821974042E-031
  8.098107821974042E-031  8.098107821974042E-031  8.098107821974042E-031
  8.098107821974042E-031  8.098107821974042E-031  8.098107821973921E-031
  0.000000000000000E+000  8.098107821974019E-031  8.098107821974012E-031
  8.098107821974012E-031  8.098107821974012E-031  8.098107821974012E-031
  8.098107821974012E-031  8.098107821974042E-031  8.098107821974042E-031
  8.098107821974042E-031  8.098107821974042E-031  8.098107821974042E-031
  8.098107821974042E-031  8.098107821974042E-031  8.098107821973921E-031
  0.000000000000000E+000  4.058066383352546E-031  4.058066383352542E-031
  4.058066383352542E-031  4.058066383352542E-031  4.058066383352543E-031
  4.058066383352543E-031  4.058066383352558E-031  4.058066383352558E-031
  4.058066383352558E-031  4.058066383352558E-031  4.058066383352558E-031
  4.058066383352558E-031  4.058066383352558E-031  4.058066383352497E-031
  0.000000000000000E+000  4.058066383352546E-031  4.058066383352542E-031
  4.058066383352542E-031  4.058066383352542E-031  4.058066383352543E-031
  4.058066383352543E-031  4.058066383352558E-031  4.058066383352558E-031
  4.058066383352558E-031  4.058066383352558E-031  4.058066383352558E-031
  4.058066383352558E-031  4.058066383352558E-031  4.058066383352497E-031
  0.000000000000000E+000  4.058066383352546E-031  4.058066383352542E-031
  4.058066383352542E-031  4.058066383352542E-031  4.058066383352543E-031
  4.058066383352543E-031  4.058066383352558E-031  4.058066383352558E-031
  4.058066383352558E-031  4.058066383352558E-031  4.058066383352558E-031
  4.058066383352558E-031  4.058066383352558E-031  4.058066383352497E-031
  0.000000000000000E+000  4.058066383352546E-031  4.058066383352542E-031
  4.058066383352542E-031  4.058066383352542E-031  4.058066383352543E-031
  4.058066383352543E-031  4.058066383352558E-031  4.058066383352558E-031
  4.058066383352558E-031  4.058066383352558E-031  4.058066383352558E-031
  4.058066383352558E-031  4.058066383352558E-031  4.058066383352497E-031
  0.000000000000000E+000  4.058066383352546E-031  4.058066383352542E-031
  4.058066383352542E-031  4.058066383352542E-031  4.058066383352543E-031
  4.058066383352543E-031  4.058066383352558E-031  4.058066383352558E-031
  4.058066383352558E-031  4.058066383352558E-031  4.058066383352558E-031
  4.058066383352558E-031  4.058066383352558E-031  4.058066383352497E-031
  0.000000000000000E+000  4.058066383352546E-031  4.058066383352542E-031
  4.058066383352542E-031  4.058066383352542E-031  4.058066383352543E-031
  4.058066383352543E-031  4.058066383352558E-031  4.058066383352558E-031
  4.058066383352558E-031  4.058066383352558E-031  4.058066383352558E-031
  4.058066383352558E-031  4.058066383352558E-031  4.058066383352497E-031
  0.000000000000000E+000  4.058066383352546E-031  4.058066383352542E-031
  4.058066383352542E-031  4.058066383352542E-031  4.058066383352543E-031
  4.058066383352543E-031  4.058066383352558E-031  4.058066383352558E-031
  4.058066383352558E-031  4.058066383352558E-031  4.058066383352558E-031
  4.058066383352558E-031  4.058066383352558E-031  4.058066383352497E-031
  0.000000000000000E+000  3.385930687839624E-031  3.385930687839621E-031
  3.385930687839621E-031  3.385930687839621E-031  3.385930687839621E-031
  3.385930687839621E-031  3.385930687839633E-031  3.385930687839633E-031
  3.385930687839633E-031  3.385930687839633E-031  3.385930687839633E-031
  3.385930687839633E-031  3.385930687839633E-031  3.385930687839582E-031
  0.000000000000000E+000  0.000000000000000E+000  0.000000000000000E+000
  0.000000000000000E+000  0.000000000000000E+000  0.000000000000000E+000
  0.000000000000000E+000  0.000000000000000E+000  0.000000000000000E+000
  0.000000000000000E+000  0.000000000000000E+000  0.000000000000000E+000
  0.000000000000000E+000  0.000000000000000E+000  0.000000000000000E+000
  0.000000000000000E+000 -1.191337489489564E-031 -1.191337489489563E-031
 -1.191337489489563E-031 -1.191337489489563E-031 -1.191337489489563E-031
 -1.191337489489563E-031 -1.191337489489567E-031 -1.191337489489567E-031
 -1.191337489489567E-031 -1.191337489489567E-031 -1.191337489489567E-031
 -1.191337489489567E-031 -1.191337489489567E-031 -1.191337489489549E-031
  0.000000000000000E+000  1.884265513873635E-031  1.884265513873633E-031
  1.884265513873633E-031  1.884265513873633E-031  1.884265513873633E-031
  1.884265513873633E-031  1.884265513873640E-031  1.884265513873640E-031
  1.884265513873640E-031  1.884265513873640E-031  1.884265513873640E-031
  1.884265513873640E-031  1.884265513873640E-031  1.884265513873612E-031
  0.000000000000000E+000  1.884265513873635E-031  1.884265513873633E-031
  1.884265513873633E-031  1.884265513873633E-031  1.884265513873633E-031
  1.884265513873633E-031  1.884265513873640E-031  1.884265513873640E-031
  1.884265513873640E-031  1.884265513873640E-031  1.884265513873640E-031
  1.884265513873640E-031  1.884265513873640E-031  1.884265513873612E-031
  0.000000000000000E+000 -4.266940492852760E-031 -4.266940492852756E-031
 -4.266940492852756E-031 -4.266940492852755E-031 -4.266940492852757E-031
 -4.266940492852757E-031 -4.266940492852772E-031 -4.266940492852772E-031
 -4.266940492852772E-031 -4.266940492852772E-031 -4.266940492852772E-031
 -4.266940492852772E-031 -4.266940492852772E-031 -4.266940492852708E-031
  0.000000000000000E+000  4.058066383352546E-031  4.058066383352542E-031
  4.058066383352542E-031  4.058066383352542E-031  4.058066383352543E-031
  4.058066383352543E-031  4.058066383352558E-031  4.058066383352558E-031
  4.058066383352558E-031  4.058066383352558E-031  4.058066383352558E-031
  4.058066383352558E-031  4.058066383352558E-031  4.058066383352496E-031
  0.000000000000000E+000  4.058066383352546E-031  4.058066383352542E-031
  4.058066383352542E-031  4.058066383352542E-031  4.058066383352543E-031
  4.058066383352543E-031  4.058066383352558E-031  4.058066383352558E-031
  4.058066383352558E-031  4.058066383352558E-031  4.058066383352558E-031
  4.058066383352558E-031  4.058066383352558E-031  4.058066383352496E-031
  0.000000000000000E+000 -4.266940492852775E-031 -4.266940492852772E-031
 -4.266940492852772E-031 -4.266940492852771E-031 -4.266940492852772E-031
 -4.266940492852772E-031 -4.266940492852788E-031 -4.266940492852788E-031
 -4.266940492852788E-031 -4.266940492852788E-031 -4.266940492852788E-031
 -4.266940492852788E-031 -4.266940492852788E-031 -4.266940492852724E-031
  0.000000000000000E+000 -4.266940492852775E-031 -4.266940492852772E-031
 -4.266940492852772E-031 -4.266940492852771E-031 -4.266940492852772E-031
 -4.266940492852772E-031 -4.266940492852788E-031 -4.266940492852788E-031
 -4.266940492852788E-031 -4.266940492852788E-031 -4.266940492852788E-031
 -4.266940492852788E-031 -4.266940492852788E-031 -4.266940492852724E-031
  0.000000000000000E+000 -4.266940492852775E-031 -4.266940492852772E-031
 -4.266940492852772E-031 -4.266940492852771E-031 -4.266940492852772E-031
 -4.266940492852772E-031 -4.266940492852788E-031 -4.266940492852788E-031
 -4.266940492852788E-031 -4.266940492852788E-031 -4.266940492852788E-031
 -4.266940492852788E-031 -4.266940492852788E-031 -4.266940492852724E-031
  0.000000000000000E+000 -4.266940492852775E-031 -4.266940492852772E-031
 -4.266940492852772E-031 -4.266940492852771E-031 -4.266940492852772E-031
 -4.266940492852772E-031 -4.266940492852788E-031 -4.266940492852788E-031
 -4.266940492852788E-031 -4.266940492852788E-031 -4.266940492852788E-031
 -4.266940492852788E-031 -4.266940492852788E-031 -4.266940492852724E-031
  0.000000000000000E+000 -4.266940492852775E-031 -4.266940492852772E-031
 -4.266940492852772E-031 -4.266940492852771E-031 -4.266940492852772E-031
 -4.266940492852772E-031 -4.266940492852788E-031 -4.266940492852788E-031
 -4.266940492852788E-031 -4.266940492852788E-031 -4.266940492852788E-031
 -4.266940492852788E-031 -4.266940492852788E-031 -4.266940492852724E-031
  0.000000000000000E+000 -4.266940492852775E-031 -4.266940492852772E-031
 -4.266940492852772E-031 -4.266940492852771E-031 -4.266940492852772E-031
 -4.266940492852772E-031 -4.266940492852788E-031 -4.266940492852788E-031
 -4.266940492852788E-031 -4.266940492852788E-031 -4.266940492852788E-031
 -4.266940492852788E-031 -4.266940492852788E-031 -4.266940492852724E-031
  0.000000000000000E+000 -4.266940492852775E-031 -4.266940492852772E-031
 -4.266940492852772E-031 -4.266940492852771E-031 -4.266940492852772E-031
 -4.266940492852772E-031 -4.266940492852788E-031 -4.266940492852788E-031
 -4.266940492852788E-031 -4.266940492852788E-031 -4.266940492852788E-031
 -4.266940492852788E-031 -4.266940492852788E-031 -4.266940492852724E-031
  0.000000000000000E+000 -6.541107507818215E-032 -6.541107507818210E-032
 -6.541107507818210E-032 -6.541107507818210E-032 -6.541107507818209E-032
 -6.541107507818209E-032 -6.541107507818234E-032 -6.541107507818234E-032
 -6.541107507818234E-032 -6.541107507818234E-032 -6.541107507818234E-032
 -6.541107507818234E-032 -6.541107507818234E-032 -6.541107507818136E-032
  0.000000000000000E+000  9.882889504966505E-031  9.882889504966496E-031
  9.882889504966496E-031  9.882889504966494E-031  9.882889504966494E-031
  9.882889504966494E-031  9.882889504966533E-031  9.882889504966533E-031
  9.882889504966533E-031  9.882889504966533E-031  9.882889504966533E-031
  9.882889504966533E-031  9.882889504966533E-031  9.882889504966384E-031
  0.000000000000000E+000 -5.658590624661604E-031 -5.658590624661598E-031
 -5.658590624661598E-031 -5.658590624661598E-031 -5.658590624661598E-031
 -5.658590624661598E-031 -5.658590624661619E-031 -5.658590624661619E-031
 -5.658590624661619E-031 -5.658590624661619E-031 -5.658590624661619E-031
 -5.658590624661619E-031 -5.658590624661619E-031 -5.658590624661534E-031
  0.000000000000000E+000 -2.582987621298424E-031 -2.582987621298422E-031
 -2.582987621298422E-031 -2.582987621298420E-031 -2.582987621298420E-031
 -2.582987621298420E-031 -2.582987621298431E-031 -2.582987621298431E-031
 -2.582987621298431E-031 -2.582987621298431E-031 -2.582987621298431E-031
 -2.582987621298431E-031 -2.582987621298431E-031 -2.582987621298392E-031
  0.000000000000000E+000 -2.582987621298424E-031 -2.582987621298422E-031
 -2.582987621298422E-031 -2.582987621298420E-031 -2.582987621298420E-031
 -2.582987621298420E-031 -2.582987621298431E-031 -2.582987621298431E-031
 -2.582987621298431E-031 -2.582987621298431E-031 -2.582987621298431E-031
 -2.582987621298431E-031 -2.582987621298431E-031 -2.582987621298392E-031
  0.000000000000000E+000 -2.460525621817276E-031 -2.460525621817273E-031
 -2.460525621817273E-031 -2.460525621817273E-031 -2.460525621817273E-031
 -2.460525621817273E-031 -2.460525621817283E-031 -2.460525621817283E-031
 -2.460525621817283E-031 -2.460525621817283E-031 -2.460525621817283E-031
 -2.460525621817283E-031 -2.460525621817283E-031 -2.460525621817246E-031
  0.000000000000000E+000  5.864481254387968E-031  5.864481254387963E-031
  5.864481254387963E-031  5.864481254387963E-031  5.864481254387964E-031
  5.864481254387964E-031  5.864481254387984E-031  5.864481254387984E-031
  5.864481254387984E-031  5.864481254387984E-031  5.864481254387984E-031
  5.864481254387984E-031  5.864481254387984E-031  5.864481254387897E-031
  0.000000000000000E+000  5.864481254387968E-031  5.864481254387963E-031
  5.864481254387963E-031  5.864481254387963E-031  5.864481254387964E-031
  5.864481254387964E-031  5.864481254387984E-031  5.864481254387984E-031
  5.864481254387984E-031  5.864481254387984E-031  5.864481254387984E-031
  5.864481254387984E-031  5.864481254387984E-031  5.864481254387897E-031
  0.000000000000000E+000  3.813142384390234E-031  3.813142384390231E-031
  3.813142384390231E-031  3.813142384390231E-031  3.813142384390231E-031
  3.813142384390231E-031  3.813142384390246E-031  3.813142384390246E-031
  3.813142384390246E-031  3.813142384390246E-031  3.813142384390246E-031
  3.813142384390246E-031  3.813142384390246E-031  3.813142384390188E-031
  0.000000000000000E+000  3.813142384390234E-031  3.813142384390231E-031
  3.813142384390231E-031  3.813142384390231E-031  3.813142384390231E-031
  3.813142384390231E-031  3.813142384390246E-031  3.813142384390246E-031
  3.813142384390246E-031  3.813142384390246E-031  3.813142384390246E-031
  3.813142384390246E-031  3.813142384390246E-031  3.813142384390188E-031
  0.000000000000000E+000  3.813142384390234E-031  3.813142384390231E-031
  3.813142384390231E-031  3.813142384390231E-031  3.813142384390231E-031
  3.813142384390231E-031  3.813142384390246E-031  3.813142384390246E-031
  3.813142384390246E-031  3.813142384390246E-031  3.813142384390246E-031
  3.813142384390246E-031  3.813142384390246E-031  3.813142384390188E-031
  0.000000000000000E+000  3.813142384390234E-031  3.813142384390231E-031
  3.813142384390231E-031  3.813142384390231E-031  3.813142384390231E-031
  3.813142384390231E-031  3.813142384390246E-031  3.813142384390246E-031
  3.813142384390246E-031  3.813142384390246E-031  3.813142384390246E-031
  3.813142384390246E-031  3.813142384390246E-031  3.813142384390188E-031
  0.000000000000000E+000  3.813142384390234E-031  3.813142384390231E-031
  3.813142384390231E-031  3.813142384390231E-031  3.813142384390231E-031
  3.813142384390231E-031  3.813142384390246E-031  3.813142384390246E-031
  3.813142384390246E-031  3.813142384390246E-031  3.813142384390246E-031
  3.813142384390246E-031  3.813142384390246E-031  3.813142384390188E-031
  0.000000000000000E+000  3.813142384390234E-031  3.813142384390231E-031
  3.813142384390231E-031  3.813142384390231E-031  3.813142384390231E-031
  3.813142384390231E-031  3.813142384390246E-031  3.813142384390246E-031
  3.813142384390246E-031  3.813142384390246E-031  3.813142384390246E-031
  3.813142384390246E-031  3.813142384390246E-031  3.813142384390188E-031
  0.000000000000000E+000  3.813142384390234E-031  3.813142384390231E-031
  3.813142384390231E-031  3.813142384390231E-031  3.813142384390231E-031
  3.813142384390231E-031  3.813142384390246E-031  3.813142384390246E-031
  3.813142384390246E-031  3.813142384390246E-031  3.813142384390246E-031
  3.813142384390246E-031  3.813142384390246E-031  3.813142384390188E-031
  0.000000000000000E+000  1.152304120253615E-031  1.152304120253614E-031
  1.152304120253614E-031  1.152304120253614E-031  1.152304120253614E-031
  1.152304120253614E-031  1.152304120253618E-031  1.152304120253618E-031
  1.152304120253618E-031  1.152304120253618E-031  1.152304120253618E-031
  1.152304120253618E-031  1.152304120253618E-031  1.152304120253601E-031
  0.000000000000000E+000 -9.882889504966505E-031 -9.882889504966494E-031
 -9.882889504966494E-031 -9.882889504966494E-031 -9.882889504966494E-031
 -9.882889504966494E-031 -9.882889504966533E-031 -9.882889504966533E-031
 -9.882889504966533E-031 -9.882889504966533E-031 -9.882889504966533E-031
 -9.882889504966533E-031 -9.882889504966533E-031 -9.882889504966384E-031
  0.000000000000000E+000 -1.191337489489555E-031 -1.191337489489554E-031
 -1.191337489489554E-031 -1.191337489489554E-031 -1.191337489489554E-031
 -1.191337489489554E-031 -1.191337489489559E-031 -1.191337489489559E-031
 -1.191337489489559E-031 -1.191337489489559E-031 -1.191337489489559E-031
 -1.191337489489559E-031 -1.191337489489559E-031 -1.191337489489540E-031
  0.000000000000000E+000  1.884265513873620E-031  1.884265513873618E-031
  1.884265513873618E-031  1.884265513873619E-031  1.884265513873619E-031
  1.884265513873619E-031  1.884265513873626E-031  1.884265513873626E-031
  1.884265513873626E-031  1.884265513873626E-031  1.884265513873626E-031
  1.884265513873626E-031  1.884265513873626E-031  1.884265513873597E-031
  0.000000000000000E+000  1.884265513873620E-031  1.884265513873618E-031
  1.884265513873618E-031  1.884265513873619E-031  1.884265513873619E-031
  1.884265513873619E-031  1.884265513873626E-031  1.884265513873626E-031
  1.884265513873626E-031  1.884265513873626E-031  1.884265513873626E-031
  1.884265513873626E-031  1.884265513873626E-031  1.884265513873597E-031
  0.000000000000000E+000  2.006727513354768E-031  2.006727513354766E-031
  2.006727513354766E-031  2.006727513354766E-031  2.006727513354766E-031
  2.006727513354766E-031  2.006727513354773E-031  2.006727513354773E-031
  2.006727513354773E-031  2.006727513354773E-031  2.006727513354773E-031
  2.006727513354773E-031  2.006727513354773E-031  2.006727513354744E-031
  0.000000000000000E+000 -2.215601622854980E-031 -2.215601622854978E-031
 -2.215601622854978E-031 -2.215601622854978E-031 -2.215601622854977E-031
 -2.215601622854977E-031 -2.215601622854986E-031 -2.215601622854986E-031
 -2.215601622854986E-031 -2.215601622854986E-031 -2.215601622854986E-031
 -2.215601622854986E-031 -2.215601622854986E-031 -2.215601622854952E-031
  0.000000000000000E+000 -2.215601622854980E-031 -2.215601622854978E-031
 -2.215601622854978E-031 -2.215601622854978E-031 -2.215601622854977E-031
 -2.215601622854977E-031 -2.215601622854986E-031 -2.215601622854986E-031
 -2.215601622854986E-031 -2.215601622854986E-031 -2.215601622854986E-031
 -2.215601622854986E-031 -2.215601622854986E-031 -2.215601622854952E-031
  0.000000000000000E+000 -4.266940492852744E-031 -4.266940492852739E-031
 -4.266940492852739E-031 -4.266940492852739E-031 -4.266940492852739E-031
 -4.266940492852739E-031 -4.266940492852755E-031 -4.266940492852755E-031
 -4.266940492852755E-031 -4.266940492852755E-031 -4.266940492852755E-031
 -4.266940492852755E-031 -4.266940492852755E-031 -4.266940492852691E-031
  0.000000000000000E+000 -4.266940492852744E-031 -4.266940492852739E-031
 -4.266940492852739E-031 -4.266940492852739E-031 -4.266940492852739E-031
 -4.266940492852739E-031 -4.266940492852755E-031 -4.266940492852755E-031
 -4.266940492852755E-031 -4.266940492852755E-031 -4.266940492852755E-031
 -4.266940492852755E-031 -4.266940492852755E-031 -4.266940492852691E-031
  0.000000000000000E+000 -4.266940492852744E-031 -4.266940492852739E-031
 -4.266940492852739E-031 -4.266940492852739E-031 -4.266940492852739E-031
 -4.266940492852739E-031 -4.266940492852755E-031 -4.266940492852755E-031
 -4.266940492852755E-031 -4.266940492852755E-031 -4.266940492852755E-031
 -4.266940492852755E-031 -4.266940492852755E-031 -4.266940492852691E-031
  0.000000000000000E+000 -4.266940492852744E-031 -4.266940492852739E-031
 -4.266940492852739E-031 -4.266940492852739E-031 -4.266940492852739E-031
 -4.266940492852739E-031 -4.266940492852755E-031 -4.266940492852755E-031
 -4.266940492852755E-031 -4.266940492852755E-031 -4.266940492852755E-031
 -4.266940492852755E-031 -4.266940492852755E-031 -4.266940492852691E-031
  0.000000000000000E+000 -4.266940492852744E-031 -4.266940492852739E-031
 -4.266940492852739E-031 -4.266940492852739E-031 -4.266940492852739E-031
 -4.266940492852739E-031 -4.266940492852755E-031 -4.266940492852755E-031
 -4.266940492852755E-031 -4.266940492852755E-031 -4.266940492852755E-031
 -4.266940492852755E-031 -4.266940492852755E-031 -4.266940492852691E-031
  0.000000000000000E+000 -4.266940492852744E-031 -4.266940492852739E-031
 -4.266940492852739E-031 -4.266940492852739E-031 -4.266940492852739E-031
 -4.266940492852739E-031 -4.266940492852755E-031 -4.266940492852755E-031
 -4.266940492852755E-031 -4.266940492852755E-031 -4.266940492852755E-031
 -4.266940492852755E-031 -4.266940492852755E-031 -4.266940492852691E-031
  0.000000000000000E+000 -4.266940492852744E-031 -4.266940492852739E-031
 -4.266940492852739E-031 -4.266940492852739E-031 -4.266940492852739E-031
 -4.266940492852739E-031 -4.266940492852755E-031 -4.266940492852755E-031
 -4.266940492852755E-031 -4.266940492852755E-031 -4.266940492852755E-031
 -4.266940492852755E-031 -4.266940492852755E-031 -4.266940492852691E-031
  0.000000000000000E+000 -6.927778756989241E-031 -6.927778756989234E-031
 -6.927778756989234E-031 -6.927778756989234E-031 -6.927778756989234E-031
 -6.927778756989234E-031 -6.927778756989261E-031 -6.927778756989261E-031
 -6.927778756989261E-031 -6.927778756989261E-031 -6.927778756989261E-031
 -6.927778756989261E-031 -6.927778756989261E-031 -6.927778756989156E-031
  0.000000000000000E+000 -9.882889504966505E-031 -9.882889504966494E-031
 -9.882889504966494E-031 -9.882889504966494E-031 -9.882889504966494E-031
 -9.882889504966494E-031 -9.882889504966533E-031 -9.882889504966533E-031
 -9.882889504966533E-031 -9.882889504966533E-031 -9.882889504966533E-031
 -9.882889504966533E-031 -9.882889504966533E-031 -9.882889504966384E-031
  0.000000000000000E+000 -1.191337489489555E-031 -1.191337489489554E-031
 -1.191337489489554E-031 -1.191337489489554E-031 -1.191337489489554E-031
 -1.191337489489554E-031 -1.191337489489559E-031 -1.191337489489559E-031
 -1.191337489489559E-031 -1.191337489489559E-031 -1.191337489489559E-031
 -1.191337489489559E-031 -1.191337489489559E-031 -1.191337489489540E-031
  0.000000000000000E+000  1.884265513873620E-031  1.884265513873618E-031
  1.884265513873618E-031  1.884265513873619E-031  1.884265513873619E-031
  1.884265513873619E-031  1.884265513873626E-031  1.884265513873626E-031
  1.884265513873626E-031  1.884265513873626E-031  1.884265513873626E-031
  1.884265513873626E-031  1.884265513873626E-031  1.884265513873597E-031
  0.000000000000000E+000  1.884265513873620E-031  1.884265513873618E-031
  1.884265513873618E-031  1.884265513873619E-031  1.884265513873619E-031
  1.884265513873619E-031  1.884265513873626E-031  1.884265513873626E-031
  1.884265513873626E-031  1.884265513873626E-031  1.884265513873626E-031
  1.884265513873626E-031  1.884265513873626E-031  1.884265513873597E-031
  0.000000000000000E+000  2.006727513354768E-031  2.006727513354766E-031
  2.006727513354766E-031  2.006727513354766E-031  2.006727513354766E-031
  2.006727513354766E-031  2.006727513354773E-031  2.006727513354773E-031
  2.006727513354773E-031  2.006727513354773E-031  2.006727513354773E-031
  2.006727513354773E-031  2.006727513354773E-031  2.006727513354744E-031
  0.000000000000000E+000 -2.215601622854980E-031 -2.215601622854978E-031
 -2.215601622854978E-031 -2.215601622854978E-031 -2.215601622854977E-031
 -2.215601622854977E-031 -2.215601622854986E-031 -2.215601622854986E-031
 -2.215601622854986E-031 -2.215601622854986E-031 -2.215601622854986E-031
 -2.215601622854986E-031 -2.215601622854986E-031 -2.215601622854952E-031
  0.000000000000000E+000 -2.215601622854980E-031 -2.215601622854978E-031
 -2.215601622854978E-031 -2.215601622854978E-031 -2.215601622854977E-031
 -2.215601622854977E-031 -2.215601622854986E-031 -2.215601622854986E-031
 -2.215601622854986E-031 -2.215601622854986E-031 -2.215601622854986E-031
 -2.215601622854986E-031 -2.215601622854986E-031 -2.215601622854952E-031
  0.000000000000000E+000 -4.266940492852744E-031 -4.266940492852739E-031
 -4.266940492852739E-031 -4.266940492852739E-031 -4.266940492852739E-031
 -4.266940492852739E-031 -4.266940492852755E-031 -4.266940492852755E-031
 -4.266940492852755E-031 -4.266940492852755E-031 -4.266940492852755E-031
 -4.266940492852755E-031 -4.266940492852755E-031 -4.266940492852691E-031
  0.000000000000000E+000 -4.266940492852744E-031 -4.266940492852739E-031
 -4.266940492852739E-031 -4.266940492852739E-031 -4.266940492852739E-031
 -4.266940492852739E-031 -4.266940492852755E-031 -4.266940492852755E-031
 -4.266940492852755E-031 -4.266940492852755E-031 -4.266940492852755E-031
 -4.266940492852755E-031 -4.266940492852755E-031 -4.266940492852691E-031
  0.000000000000000E+000 -4.266940492852744E-031 -4.266940492852739E-031
 -4.266940492852739E-031 -4.266940492852739E-031 -4.266940492852739E-031
 -4.266940492852739E-031 -4.266940492852755E-031 -4.266940492852755E-031
 -4.266940492852755E-031 -4.266940492852755E-031 -4.266940492852755E-031
 -4.266940492852755E-031 -4.266940492852755E-031 -4.266940492852691E-031
  0.000000000000000E+000 -4.266940492852744E-031 -4.266940492852739E-031
 -4.266940492852739E-031 -4.266940492852739E-031 -4.266940492852739E-031
 -4.266940492852739E-031 -4.266940492852755E-031 -4.266940492852755E-031
 -4.266940492852755E-031 -4.266940492852755E-031 -4.266940492852755E-031
 -4.266940492852755E-031 -4.266940492852755E-031 -4.266940492852691E-031
  0.000000000000000E+000 -4.266940492852744E-031 -4.266940492852739E-031
 -4.266940492852739E-031 -4.266940492852739E-031 -4.266940492852739E-031
 -4.266940492852739E-031 -4.266940492852755E-031 -4.266940492852755E-031
 -4.266940492852755E-031 -4.266940492852755E-031 -4.266940492852755E-031
 -4.266940492852755E-031 -4.266940492852755E-031 -4.266940492852691E-031
  0.000000000000000E+000 -4.266940492852744E-031 -4.266940492852739E-031
 -4.266940492852739E-031 -4.266940492852739E-031 -4.266940492852739E-031
 -4.266940492852739E-031 -4.266940492852755E-031 -4.266940492852755E-031
 -4.266940492852755E-031 -4.266940492852755E-031 -4.266940492852755E-031
 -4.266940492852755E-031 -4.266940492852755E-031 -4.266940492852691E-031
  0.000000000000000E+000 -4.266940492852744E-031 -4.266940492852739E-031
 -4.266940492852739E-031 -4.266940492852739E-031 -4.266940492852739E-031
 -4.266940492852739E-031 -4.266940492852755E-031 -4.266940492852755E-031
 -4.266940492852755E-031 -4.266940492852755E-031 -4.266940492852755E-031
 -4.266940492852755E-031 -4.266940492852755E-031 -4.266940492852691E-031
  0.000000000000000E+000 -6.927778756989241E-031 -6.927778756989234E-031
 -6.927778756989234E-031 -6.927778756989234E-031 -6.927778756989234E-031
 -6.927778756989234E-031 -6.927778756989261E-031 -6.927778756989261E-031
 -6.927778756989261E-031 -6.927778756989261E-031 -6.927778756989261E-031
 -6.927778756989261E-031 -6.927778756989261E-031 -6.927778756989156E-031
  0.000000000000000E+000  0.000000000000000E+000  0.000000000000000E+000
  0.000000000000000E+000  0.000000000000000E+000  0.000000000000000E+000
  0.000000000000000E+000  0.000000000000000E+000  0.000000000000000E+000
  0.000000000000000E+000  0.000000000000000E+000  0.000000000000000E+000
  0.000000000000000E+000  0.000000000000000E+000  0.000000000000000E+000
  0.000000000000000E+000 -1.191337489489564E-031 -1.191337489489563E-031
 -1.191337489489563E-031 -1.191337489489563E-031 -1.191337489489563E-031
 -1.191337489489563E-031 -1.191337489489567E-031 -1.191337489489567E-031
 -1.191337489489567E-031 -1.191337489489567E-031 -1.191337489489567E-031
 -1.191337489489567E-031 -1.191337489489567E-031 -1.191337489489549E-031
  0.000000000000000E+000  1.884265513873635E-031  1.884265513873633E-031
  1.884265513873633E-031  1.884265513873633E-031  1.884265513873633E-031
  1.884265513873633E-031  1.884265513873640E-031  1.884265513873640E-031
  1.884265513873640E-031  1.884265513873640E-031  1.884265513873640E-031
  1.884265513873640E-031  1.884265513873640E-031  1.884265513873612E-031
  0.000000000000000E+000  1.884265513873635E-031  1.884265513873633E-031
  1.884265513873633E-031  1.884265513873633E-031  1.884265513873633E-031
  1.884265513873633E-031  1.884265513873640E-031  1.884265513873640E-031
  1.884265513873640E-031  1.884265513873640E-031  1.884265513873640E-031
  1.884265513873640E-031  1.884265513873640E-031  1.884265513873612E-031
  0.000000000000000E+000 -4.266940492852760E-031 -4.266940492852756E-031
 -4.266940492852756E-031 -4.266940492852755E-031 -4.266940492852757E-031
 -4.266940492852757E-031 -4.266940492852772E-031 -4.266940492852772E-031
 -4.266940492852772E-031 -4.266940492852772E-031 -4.266940492852772E-031
 -4.266940492852772E-031 -4.266940492852772E-031 -4.266940492852708E-031
  0.000000000000000E+000  4.058066383352546E-031  4.058066383352542E-031
  4.058066383352542E-031  4.058066383352542E-031  4.058066383352543E-031
  4.058066383352543E-031  4.058066383352558E-031  4.058066383352558E-031
  4.058066383352558E-031  4.058066383352558E-031  4.058066383352558E-031
  4.058066383352558E-031  4.058066383352558E-031  4.058066383352496E-031
  0.000000000000000E+000  4.058066383352546E-031  4.058066383352542E-031
  4.058066383352542E-031  4.058066383352542E-031  4.058066383352543E-031
  4.058066383352543E-031  4.058066383352558E-031  4.058066383352558E-031
  4.058066383352558E-031  4.058066383352558E-031  4.058066383352558E-031
  4.058066383352558E-031  4.058066383352558E-031  4.058066383352496E-031
  0.000000000000000E+000 -4.266940492852775E-031 -4.266940492852772E-031
 -4.266940492852772E-031 -4.266940492852771E-031 -4.266940492852772E-031
 -4.266940492852772E-031 -4.266940492852788E-031 -4.266940492852788E-031
 -4.266940492852788E-031 -4.266940492852788E-031 -4.266940492852788E-031
 -4.266940492852788E-031 -4.266940492852788E-031 -4.266940492852724E-031
  0.000000000000000E+000 -4.266940492852775E-031 -4.266940492852772E-031
 -4.266940492852772E-031 -4.266940492852771E-031 -4.266940492852772E-031
 -4.266940492852772E-031 -4.266940492852788E-031 -4.266940492852788E-031
 -4.266940492852788E-031 -4.266940492852788E-031 -4.266940492852788E-031
 -4.266940492852788E-031 -4.266940492852788E-031 -4.266940492852724E-031
  0.000000000000000E+000 -4.266940492852775E-031 -4.266940492852772E-031
 -4.266940492852772E-031 -4.266940492852771E-031 -4.266940492852772E-031
 -4.266940492852772E-031 -4.266940492852788E-031 -4.266940492852788E-031
 -4.266940492852788E-031 -4.266940492852788E-031 -4.266940492852788E-031
 -4.266940492852788E-031 -4.266940492852788E-031 -4.266940492852724E-031
  0.000000000000000E+000 -4.266940492852775E-031 -4.266940492852772E-031
 -4.266940492852772E-031 -4.266940492852771E-031 -4.266940492852772E-031
 -4.266940492852772E-031 -4.266940492852788E-031 -4.266940492852788E-031
 -4.266940492852788E-031 -4.266940492852788E-031 -4.266940492852788E-031
 -4.266940492852788E-031 -4.266940492852788E-031 -4.266940492852724E-031
  0.000000000000000E+000 -4.266940492852775E-031 -4.266940492852772E-031
 -4.266940492852772E-031 -4.266940492852771E-031 -4.266940492852772E-031
 -4.266940492852772E-031 -4.266940492852788E-031 -4.266940492852788E-031
 -4.266940492852788E-031 -4.266940492852788E-031 -4.266940492852788E-031
 -4.266940492852788E-031 -4.266940492852788E-031 -4.266940492852724E-031
  0.000000000000000E+000 -4.266940492852775E-031 -4.266940492852772E-031
 -4.266940492852772E-031 -4.266940492852771E-031 -4.266940492852772E-031
 -4.266940492852772E-031 -4.266940492852788E-031 -4.266940492852788E-031
 -4.266940492852788E-031 -4.266940492852788E-031 -4.266940492852788E-031
 -4.266940492852788E-031 -4.266940492852788E-031 -4.266940492852724E-031
  0.000000000000000E+000 -4.266940492852775E-031 -4.266940492852772E-031
 -4.266940492852772E-031 -4.266940492852771E-031 -4.266940492852772E-031
 -4.266940492852772E-031 -4.266940492852788E-031 -4.266940492852788E-031
 -4.266940492852788E-031 -4.266940492852788E-031 -4.266940492852788E-031
 -4.266940492852788E-031 -4.266940492852788E-031 -4.266940492852724E-031
  0.000000000000000E+000 -6.541107507818215E-032 -6.541107507818210E-032
 -6.541107507818210E-032 -6.541107507818210E-032 -6.541107507818209E-032
 -6.541107507818209E-032 -6.541107507818234E-032 -6.541107507818234E-032
 -6.541107507818234E-032 -6.541107507818234E-032 -6.541107507818234E-032
 -6.541107507818234E-032 -6.541107507818234E-032 -6.541107507818136E-032
  0.000000000000000E+000  0.000000000000000E+000  0.000000000000000E+000
  0.000000000000000E+000  0.000000000000000E+000  0.000000000000000E+000
  0.000000000000000E+000  0.000000000000000E+000  0.000000000000000E+000
  0.000000000000000E+000  0.000000000000000E+000  0.000000000000000E+000
  0.000000000000000E+000  0.000000000000000E+000  0.000000000000000E+000
  0.000000000000000E+000 -1.191337489489564E-031 -1.191337489489563E-031
 -1.191337489489563E-031 -1.191337489489563E-031 -1.191337489489563E-031
 -1.191337489489563E-031 -1.191337489489567E-031 -1.191337489489567E-031
 -1.191337489489567E-031 -1.191337489489567E-031 -1.191337489489567E-031
 -1.191337489489567E-031 -1.191337489489567E-031 -1.191337489489549E-031
  0.000000000000000E+000  1.884265513873635E-031  1.884265513873633E-031
  1.884265513873633E-031  1.884265513873633E-031  1.884265513873633E-031
  1.884265513873633E-031  1.884265513873640E-031  1.884265513873640E-031
  1.884265513873640E-031  1.884265513873640E-031  1.884265513873640E-031
  1.884265513873640E-031  1.884265513873640E-031  1.884265513873612E-031
  0.000000000000000E+000  1.884265513873635E-031  1.884265513873633E-031
  1.884265513873633E-031  1.884265513873633E-031  1.884265513873633E-031
  1.884265513873633E-031  1.884265513873640E-031  1.884265513873640E-031
  1.884265513873640E-031  1.884265513873640E-031  1.884265513873640E-031
  1.884265513873640E-031  1.884265513873640E-031  1.884265513873612E-031
  0.000000000000000E+000 -4.266940492852760E-031 -4.266940492852756E-031
 -4.266940492852756E-031 -4.266940492852755E-031 -4.266940492852757E-031
 -4.266940492852757E-031 -4.266940492852772E-031 -4.266940492852772E-031
 -4.266940492852772E-031 -4.266940492852772E-031 -4.266940492852772E-031
 -4.266940492852772E-031 -4.266940492852772E-031 -4.266940492852708E-031
  0.000000000000000E+000  4.058066383352546E-031  4.058066383352542E-031
  4.058066383352542E-031  4.058066383352542E-031  4.058066383352543E-031
  4.058066383352543E-031  4.058066383352558E-031  4.058066383352558E-031
  4.058066383352558E-031  4.058066383352558E-031  4.058066383352558E-031
  4.058066383352558E-031  4.058066383352558E-031  4.058066383352496E-031
  0.000000000000000E+000  4.058066383352546E-031  4.058066383352542E-031
  4.058066383352542E-031  4.058066383352542E-031  4.058066383352543E-031
  4.058066383352543E-031  4.058066383352558E-031  4.058066383352558E-031
  4.058066383352558E-031  4.058066383352558E-031  4.058066383352558E-031
  4.058066383352558E-031  4.058066383352558E-031  4.058066383352496E-031
  0.000000000000000E+000 -4.266940492852775E-031 -4.266940492852772E-031
 -4.266940492852772E-031 -4.266940492852771E-031 -4.266940492852772E-031
 -4.266940492852772E-031 -4.266940492852788E-031 -4.266940492852788E-031
 -4.266940492852788E-031 -4.266940492852788E-031 -4.266940492852788E-031
 -4.266940492852788E-031 -4.266940492852788E-031 -4.266940492852724E-031
  0.000000000000000E+000 -4.266940492852775E-031 -4.266940492852772E-031
 -4.266940492852772E-031 -4.266940492852771E-031 -4.266940492852772E-031
 -4.266940492852772E-031 -4.266940492852788E-031 -4.266940492852788E-031
 -4.266940492852788E-031 -4.266940492852788E-031 -4.266940492852788E-031
 -4.266940492852788E-031 -4.266940492852788E-031 -4.266940492852724E-031
  0.000000000000000E+000 -4.266940492852775E-031 -4.266940492852772E-031
 -4.266940492852772E-031 -4.266940492852771E-031 -4.266940492852772E-031
 -4.266940492852772E-031 -4.266940492852788E-031 -4.266940492852788E-031
 -4.266940492852788E-031 -4.266940492852788E-031 -4.266940492852788E-031
 -4.266940492852788E-031 -4.266940492852788E-031 -4.266940492852724E-031
  0.000000000000000E+000 -4.266940492852775E-031 -4.266940492852772E-031
 -4.266940492852772E-031 -4.266940492852771E-031 -4.266940492852772E-031
 -4.266940492852772E-031 -4.266940492852788E-031 -4.266940492852788E-031
 -4.266940492852788E-031 -4.266940492852788E-031 -4.266940492852788E-031
 -4.266940492852788E-031 -4.266940492852788E-031 -4.266940492852724E-031
  0.000000000000000E+000 -4.266940492852775E-031 -4.266940492852772E-031
 -4.266940492852772E-031 -4.266940492852771E-031 -4.266940492852772E-031
 -4.266940492852772E-031 -4.266940492852788E-031 -4.266940492852788E-031
 -4.266940492852788E-031 -4.266940492852788E-031 -4.266940492852788E-031
 -4.266940492852788E-031 -4.266940492852788E-031 -4.266940492852724E-031
  0.000000000000000E+000 -4.266940492852775E-031 -4.266940492852772E-031
 -4.266940492852772E-031 -4.266940492852771E-031 -4.266940492852772E-031
 -4.266940492852772E-031 -4.266940492852788E-031 -4.266940492852788E-031
 -4.266940492852788E-031 -4.266940492852788E-031 -4.266940492852788E-031
 -4.266940492852788E-031 -4.266940492852788E-031 -4.266940492852724E-031
  0.000000000000000E+000 -4.266940492852775E-031 -4.266940492852772E-031
 -4.266940492852772E-031 -4.266940492852771E-031 -4.266940492852772E-031
 -4.266940492852772E-031 -4.266940492852788E-031 -4.266940492852788E-031
 -4.266940492852788E-031 -4.266940492852788E-031 -4.266940492852788E-031
 -4.266940492852788E-031 -4.266940492852788E-031 -4.266940492852724E-031
  0.000000000000000E+000 -6.541107507818215E-032 -6.541107507818210E-032
 -6.541107507818210E-032 -6.541107507818210E-032 -6.541107507818209E-032
 -6.541107507818209E-032 -6.541107507818234E-032 -6.541107507818234E-032
 -6.541107507818234E-032 -6.541107507818234E-032 -6.541107507818234E-032
 -6.541107507818234E-032 -6.541107507818234E-032 -6.541107507818136E-032
  0.000000000000000E+000  0.000000000000000E+000  0.000000000000000E+000
  0.000000000000000E+000  0.000000000000000E+000  0.000000000000000E+000
  0.000000000000000E+000  0.000000000000000E+000  0.000000000000000E+000
  0.000000000000000E+000  0.000000000000000E+000  0.000000000000000E+000
  0.000000000000000E+000  0.000000000000000E+000  0.000000000000000E+000
  0.000000000000000E+000 -1.191337489489564E-031 -1.191337489489563E-031
 -1.191337489489563E-031 -1.191337489489563E-031 -1.191337489489563E-031
 -1.191337489489563E-031 -1.191337489489567E-031 -1.191337489489567E-031
 -1.191337489489567E-031 -1.191337489489567E-031 -1.191337489489567E-031
 -1.191337489489567E-031 -1.191337489489567E-031 -1.191337489489549E-031
  0.000000000000000E+000  1.884265513873635E-031  1.884265513873633E-031
  1.884265513873633E-031  1.884265513873633E-031  1.884265513873633E-031
  1.884265513873633E-031  1.884265513873640E-031  1.884265513873640E-031
  1.884265513873640E-031  1.884265513873640E-031  1.884265513873640E-031
  1.884265513873640E-031  1.884265513873640E-031  1.884265513873612E-031
  0.000000000000000E+000  1.884265513873635E-031  1.884265513873633E-031
  1.884265513873633E-031  1.884265513873633E-031  1.884265513873633E-031
  1.884265513873633E-031  1.884265513873640E-031  1.884265513873640E-031
  1.884265513873640E-031  1.884265513873640E-031  1.884265513873640E-031
  1.884265513873640E-031  1.884265513873640E-031  1.884265513873612E-031
  0.000000000000000E+000 -4.266940492852760E-031 -4.266940492852756E-031
 -4.266940492852756E-031 -4.266940492852755E-031 -4.266940492852757E-031
 -4.266940492852757E-031 -4.266940492852772E-031 -4.266940492852772E-031
 -4.266940492852772E-031 -4.266940492852772E-031 -4.266940492852772E-031
 -4.266940492852772E-031 -4.266940492852772E-031 -4.266940492852708E-031
  0.000000000000000E+000  4.058066383352546E-031  4.058066383352542E-031
  4.058066383352542E-031  4.058066383352542E-031  4.058066383352543E-031
  4.058066383352543E-031  4.058066383352558E-031  4.058066383352558E-031
  4.058066383352558E-031  4.058066383352558E-031  4.058066383352558E-031
  4.058066383352558E-031  4.058066383352558E-031  4.058066383352496E-031
  0.000000000000000E+000  4.058066383352546E-031  4.058066383352542E-031
  4.058066383352542E-031  4.058066383352542E-031  4.058066383352543E-031
  4.058066383352543E-031  4.058066383352558E-031  4.058066383352558E-031
  4.058066383352558E-031  4.058066383352558E-031  4.058066383352558E-031
  4.058066383352558E-031  4.058066383352558E-031  4.058066383352496E-031
  0.000000000000000E+000 -4.266940492852775E-031 -4.266940492852772E-031
 -4.266940492852772E-031 -4.266940492852771E-031 -4.266940492852772E-031
 -4.266940492852772E-031 -4.266940492852788E-031 -4.266940492852788E-031
 -4.266940492852788E-031 -4.266940492852788E-031 -4.266940492852788E-031
 -4.266940492852788E-031 -4.266940492852788E-031 -4.266940492852724E-031
  0.000000000000000E+000 -4.266940492852775E-031 -4.266940492852772E-031
 -4.266940492852772E-031 -4.266940492852771E-031 -4.266940492852772E-031
 -4.266940492852772E-031 -4.266940492852788E-031 -4.266940492852788E-031
 -4.266940492852788E-031 -4.266940492852788E-031 -4.266940492852788E-031
 -4.266940492852788E-031 -4.266940492852788E-031 -4.266940492852724E-031
  0.000000000000000E+000 -4.266940492852775E-031 -4.266940492852772E-031
 -4.266940492852772E-031 -4.266940492852771E-031 -4.266940492852772E-031
 -4.266940492852772E-031 -4.266940492852788E-031 -4.266940492852788E-031
 -4.266940492852788E-031 -4.266940492852788E-031 -4.266940492852788E-031
 -4.266940492852788E-031 -4.266940492852788E-031 -4.266940492852724E-031
  0.000000000000000E+000 -4.266940492852775E-031 -4.266940492852772E-031
 -4.266940492852772E-031 -4.266940492852771E-031 -4.266940492852772E-031
 -4.266940492852772E-031 -4.266940492852788E-031 -4.266940492852788E-031
 -4.266940492852788E-031 -4.266940492852788E-031 -4.266940492852788E-031
 -4.266940492852788E-031 -4.266940492852788E-031 -4.266940492852724E-031
  0.000000000000000E+000 -4.266940492852775E-031 -4.266940492852772E-031
 -4.266940492852772E-031 -4.266940492852771E-031 -4.266940492852772E-031
 -4.266940492852772E-031 -4.266940492852788E-031 -4.266940492852788E-031
 -4.266940492852788E-031 -4.266940492852788E-031 -4.266940492852788E-031
 -4.266940492852788E-031 -4.266940492852788E-031 -4.266940492852724E-031
  0.000000000000000E+000 -4.266940492852775E-031 -4.266940492852772E-031
 -4.266940492852772E-031 -4.266940492852771E-031 -4.266940492852772E-031
 -4.266940492852772E-031 -4.266940492852788E-031 -4.266940492852788E-031
 -4.266940492852788E-031 -4.266940492852788E-031 -4.266940492852788E-031
 -4.266940492852788E-031 -4.266940492852788E-031 -4.266940492852724E-031
  0.000000000000000E+000 -4.266940492852775E-031 -4.266940492852772E-031
 -4.266940492852772E-031 -4.266940492852771E-031 -4.266940492852772E-031
 -4.266940492852772E-031 -4.266940492852788E-031 -4.266940492852788E-031
 -4.266940492852788E-031 -4.266940492852788E-031 -4.266940492852788E-031
 -4.266940492852788E-031 -4.266940492852788E-031 -4.266940492852724E-031
  0.000000000000000E+000 -6.541107507818215E-032 -6.541107507818210E-032
 -6.541107507818210E-032 -6.541107507818210E-032 -6.541107507818209E-032
 -6.541107507818209E-032 -6.541107507818234E-032 -6.541107507818234E-032
 -6.541107507818234E-032 -6.541107507818234E-032 -6.541107507818234E-032
 -6.541107507818234E-032 -6.541107507818234E-032 -6.541107507818136E-032
  0.000000000000000E+000 -4.944764659697801E-031 -4.944764659697796E-031
 -4.944764659697796E-031 -4.944764659697796E-031 -4.944764659697796E-031
 -4.944764659697796E-031 -4.944764659697817E-031 -4.944764659697817E-031
 -4.944764659697817E-031 -4.944764659697817E-031 -4.944764659697817E-031
 -4.944764659697817E-031 -4.944764659697817E-031 -4.944764659697742E-031
  0.000000000000000E+000 -1.191337489489546E-031 -1.191337489489545E-031
 -1.191337489489545E-031 -1.191337489489545E-031 -1.191337489489545E-031
 -1.191337489489545E-031 -1.191337489489549E-031 -1.191337489489549E-031
 -1.191337489489549E-031 -1.191337489489549E-031 -1.191337489489549E-031
 -1.191337489489549E-031 -1.191337489489549E-031 -1.191337489489531E-031
  0.000000000000000E+000  1.884265513873606E-031  1.884265513873604E-031
  1.884265513873604E-031  1.884265513873604E-031  1.884265513873604E-031
  1.884265513873604E-031  1.884265513873612E-031  1.884265513873612E-031
  1.884265513873612E-031  1.884265513873612E-031  1.884265513873612E-031
  1.884265513873612E-031  1.884265513873612E-031  1.884265513873583E-031
  0.000000000000000E+000  1.884265513873606E-031  1.884265513873604E-031
  1.884265513873604E-031  1.884265513873604E-031  1.884265513873604E-031
  1.884265513873604E-031  1.884265513873612E-031  1.884265513873612E-031
  1.884265513873612E-031  1.884265513873612E-031  1.884265513873612E-031
  1.884265513873612E-031  1.884265513873612E-031  1.884265513873583E-031
  0.000000000000000E+000  1.802494473104181E-033  1.802494473104179E-033
  1.802494473104179E-033  1.802494473104179E-033  1.802494473104178E-033
  1.802494473104178E-033  1.802494473104185E-033  1.802494473104185E-033
  1.802494473104185E-033  1.802494473104185E-033  1.802494473104185E-033
  1.802494473104185E-033  1.802494473104185E-033  1.802494473104158E-033
  0.000000000000000E+000 -2.268990542312522E-032 -2.268990542312520E-032
 -2.268990542312520E-032 -2.268990542312520E-032 -2.268990542312520E-032
 -2.268990542312520E-032 -2.268990542312528E-032 -2.268990542312528E-032
 -2.268990542312528E-032 -2.268990542312528E-032 -2.268990542312528E-032
 -2.268990542312528E-032 -2.268990542312528E-032 -2.268990542312494E-032
  0.000000000000000E+000 -2.268990542312522E-032 -2.268990542312520E-032
 -2.268990542312520E-032 -2.268990542312520E-032 -2.268990542312520E-032
 -2.268990542312520E-032 -2.268990542312528E-032 -2.268990542312528E-032
 -2.268990542312528E-032 -2.268990542312528E-032 -2.268990542312528E-032
 -2.268990542312528E-032 -2.268990542312528E-032 -2.268990542312494E-032
  0.000000000000000E+000 -4.266940492852711E-031 -4.266940492852709E-031
 -4.266940492852709E-031 -4.266940492852707E-031 -4.266940492852707E-031
 -4.266940492852707E-031 -4.266940492852723E-031 -4.266940492852723E-031
 -4.266940492852723E-031 -4.266940492852723E-031 -4.266940492852723E-031
 -4.266940492852723E-031 -4.266940492852723E-031 -4.266940492852660E-031
  0.000000000000000E+000 -4.266940492852711E-031 -4.266940492852709E-031
 -4.266940492852709E-031 -4.266940492852707E-031 -4.266940492852707E-031
 -4.266940492852707E-031 -4.266940492852723E-031 -4.266940492852723E-031
 -4.266940492852723E-031 -4.266940492852723E-031 -4.266940492852723E-031
 -4.266940492852723E-031 -4.266940492852723E-031 -4.266940492852660E-031
  0.000000000000000E+000 -4.266940492852711E-031 -4.266940492852709E-031
 -4.266940492852709E-031 -4.266940492852707E-031 -4.266940492852707E-031
 -4.266940492852707E-031 -4.266940492852723E-031 -4.266940492852723E-031
 -4.266940492852723E-031 -4.266940492852723E-031 -4.266940492852723E-031
 -4.266940492852723E-031 -4.266940492852723E-031 -4.266940492852660E-031
  0.000000000000000E+000 -4.266940492852711E-031 -4.266940492852709E-031
 -4.266940492852709E-031 -4.266940492852707E-031 -4.266940492852707E-031
 -4.266940492852707E-031 -4.266940492852723E-031 -4.266940492852723E-031
 -4.266940492852723E-031 -4.266940492852723E-031 -4.266940492852723E-031
 -4.266940492852723E-031 -4.266940492852723E-031 -4.266940492852660E-031
  0.000000000000000E+000 -4.266940492852711E-031 -4.266940492852709E-031
 -4.266940492852709E-031 -4.266940492852707E-031 -4.266940492852707E-031
 -4.266940492852707E-031 -4.266940492852723E-031 -4.266940492852723E-031
 -4.266940492852723E-031 -4.266940492852723E-031 -4.266940492852723E-031
 -4.266940492852723E-031 -4.266940492852723E-031 -4.266940492852660E-031
  0.000000000000000E+000 -4.266940492852711E-031 -4.266940492852709E-031
 -4.266940492852709E-031 -4.266940492852707E-031 -4.266940492852707E-031
 -4.266940492852707E-031 -4.266940492852723E-031 -4.266940492852723E-031
 -4.266940492852723E-031 -4.266940492852723E-031 -4.266940492852723E-031
 -4.266940492852723E-031 -4.266940492852723E-031 -4.266940492852660E-031
  0.000000000000000E+000 -4.266940492852711E-031 -4.266940492852709E-031
 -4.266940492852709E-031 -4.266940492852707E-031 -4.266940492852707E-031
 -4.266940492852707E-031 -4.266940492852723E-031 -4.266940492852723E-031
 -4.266940492852723E-031 -4.266940492852723E-031 -4.266940492852723E-031
 -4.266940492852723E-031 -4.266940492852723E-031 -4.266940492852660E-031
  0.000000000000000E+000 -6.541107507818116E-032 -6.541107507818112E-032
 -6.541107507818112E-032 -6.541107507818112E-032 -6.541107507818112E-032
 -6.541107507818112E-032 -6.541107507818136E-032 -6.541107507818136E-032
 -6.541107507818136E-032 -6.541107507818136E-032 -6.541107507818136E-032
 -6.541107507818136E-032 -6.541107507818136E-032 -6.541107507818038E-032
